0,20146
1,10752
2,9837
3,9874
4,9293
5,9091
6,8796
7,8588
8,8340
9,8184
10,7845
11,7703
12,7447
13,7394
14,7265
15,7025
16,6959
17,6773
18,6712
19,6610
20,6428
21,6359
22,6179
23,6114
24,6129
25,6006
26,5960
27,5935
28,5843
29,5863
30,5625
31,5790
32,5708
33,5730
34,5638
35,5555
36,5571
37,5420
38,5436
39,5400
40,5342
41,5239
42,5202
43,5139
44,5164
45,5156
46,5230
47,5143
48,5128
49,5086
50,5008
51,4932
52,4830
53,4843
54,4723
55,4767
56,4748
57,4740
58,4627
59,4707
60,4643
61,4689
62,4629
63,4517
64,4608
65,4492
66,4507
67,4436
68,4442
69,4305
70,4535
71,4416
72,4482
73,4292
74,4493
75,4340
76,4303
77,4330
78,4315
79,4209
80,4200
81,4268
82,4135
83,4221
84,4216
85,4186
86,4156
87,4125
88,4194
89,4043
90,4092
91,4092
92,4129
93,4103
94,4257
95,4063
96,4137
97,3974
98,3927
99,3891
100,3882
101,3774
102,3773
103,3778
104,3720
105,3649
106,3579
107,3656
108,3678
109,3669
110,3659
111,3694
112,3659
113,3672
114,3710
115,3575
116,3529
117,3496
118,3519
119,3584
120,3624
121,3587
122,3555
123,3531
124,3572
125,3535
126,3484
127,3446
128,3428
129,3525
130,3541
131,3489
132,3485
133,3405
134,3321
135,3447
136,3267
137,3222
138,3163
139,3100
140,3026
141,3062
142,3048
143,3092
144,3134
145,3066
146,3085
147,3090
148,3068
149,3193
150,3148
151,3198
152,3101
153,3138
154,3144
155,3207
156,3269
157,3230
158,3245
159,3240
160,3175
161,3206
162,3211
163,3210
164,3211
165,3148
166,3153
167,3165
168,3206
169,3198
170,3235
171,3224
172,3261
173,3284
174,3314
175,3272
176,3252
177,3172
178,3253
179,3180
180,3215
181,3160
182,3224
183,3067
184,3105
185,3061
186,3108
187,2978
188,3005
189,3030
190,2904
191,2892
192,2748
193,2759
194,2710
195,2633
196,2637
197,2617
198,2671
199,2651
200,2714
201,2712
202,2686
203,2676
204,2735
205,2695
206,2759
207,2670
208,2733
209,2690
210,2781
211,2751
212,2783
213,2741
214,2781
215,2813
216,2777
217,2807
218,2721
219,2790
220,2755
221,2748
222,2670
223,2754
224,2618
225,2677
226,2674
227,2728
228,2674
229,2714
230,2626
231,2674
232,2650
233,2701
234,2583
235,2609
236,2575
237,2611
238,2599
239,2659
240,2603
241,2633
242,2554
243,2678
244,2586
245,2720
246,2637
247,2667
248,2554
249,2607
250,2519
251,2595
252,2587
253,2593
254,2619
255,2641
256,2679
257,2675
258,2704
259,2652
260,2712
261,2683
262,2741
263,2758
264,2794
265,2884
266,2864
267,2777
268,2848
269,2808
270,2819
271,2762
272,2754
273,2744
274,2762
275,2751
276,2697
277,2737
278,2742
279,2722
280,2687
281,2654
282,2682
283,2736
284,2734
285,2692
286,2699
287,2684
288,2646
289,2627
290,2607
291,2541
292,2444
293,2530
294,2490
295,2557
296,2486
297,2538
298,2525
299,2524
300,2588
301,2562
302,2577
303,2564
304,2601
305,2592
306,2596
307,2608
308,2580
309,2604
310,2613
311,2588
312,2646
313,2589
314,2593
315,2546
316,2610
317,2542
318,2632
319,2641
320,2607
321,2620
322,2679
323,2635
324,2664
325,2703
326,2702
327,2677
328,2669
329,2696
330,2636
331,2671
332,2749
333,2766
334,2852
335,2785
336,2753
337,2712
338,2702
339,2648
340,2652
341,2649
342,2637
343,2628
344,2616
345,2621
346,2661
347,2657
348,2630
349,2642
350,2735
351,2711
352,2702
353,2730
354,2697
355,2748
356,2735
357,2714
358,2748
359,2747
360,2843
361,2791
362,2816
363,2769
364,2778
365,2771
366,2774
367,2741
368,2746
369,2683
370,2662
371,2662
372,2623
373,2683
374,2677
375,2672
376,2671
377,2574
378,2666
379,2580
380,2512
381,2530
382,2565
383,2550
384,2565
385,2533
386,2609
387,2584
388,2656
389,2596
390,2572
391,2603
392,2598
393,2615
394,2586
395,2630
396,2580
397,2640
398,2583
399,2566
400,2531
401,2480
402,2491
403,2460
404,2466
405,2430
406,2451
407,2420
408,2487
409,2424
410,2429
411,2421
412,2464
413,2477
414,2490
415,2438
416,2437
417,2479
418,2463
419,2479
420,2395
421,2433
422,2380
423,2426
424,2419
425,2420
426,2373
427,2363
428,2332
429,2255
430,2216
431,2250
432,2218
433,2269
434,2248
435,2199
436,2150
437,2190
438,2212
439,2131
440,2104
441,2147
442,2149
443,2175
444,2170
445,2170
446,2112
447,2137
448,2112
449,2152
450,2141
451,2159
452,2159
453,2103
454,2135
455,2143
456,2162
457,2173
458,2170
459,2217
460,2158
461,2134
462,2150
463,2161
464,2166
465,2159
466,2209
467,2213
468,2180
469,2154
470,2195
471,2193
472,2177
473,2202
474,2217
475,2204
476,2231
477,2200
478,2245
479,2221
480,2212
481,2206
482,2193
483,2233
484,2211
485,2204
486,2183
487,2211
488,2171
489,2256
490,2181
491,2222
492,2202
493,2232
494,2196
495,2252
496,2240
497,2275
498,2251
499,2238
500,2216
501,2283
502,2230
503,2237
504,2260
505,2260
506,2251
507,2274
508,2219
509,2199
510,2175
511,2146
512,2103
513,2100
514,2134
515,2139
516,2125
517,2203
518,2128
519,2132
520,2074
521,2062
522,2053
523,2054
524,2058
525,2057
526,2039
527,2080
528,2091
529,2061
530,2098
531,2122
532,2084
533,2052
534,2084
535,2073
536,2114
537,2111
538,2160
539,2120
540,2143
541,2140
542,2159
543,2092
544,2169
545,2129
546,2182
547,2111
548,2186
549,2086
550,2136
551,2101
552,2115
553,2055
554,2083
555,2035
556,2057
557,2023
558,2058
559,2073
560,2022
561,2036
562,2037
563,1996
564,2043
565,2005
566,2024
567,1985
568,1967
569,1967
570,2008
571,1980
572,2010
573,2014
574,1983
575,2015
576,2007
577,2042
578,2088
579,2064
580,2097
581,2051
582,2075
583,2061
584,2079
585,2029
586,2031
587,1974
588,1938
589,1949
590,1964
591,1941
592,1904
593,1873
594,1848
595,1875
596,1855
597,1878
598,1871
599,1905
600,1935
601,1910
602,1937
603,1883
604,1929
605,1891
606,1921
607,1910
608,1935
609,1942
610,1970
611,1888
612,1935
613,1869
614,1930
615,1905
616,1942
617,1957
618,1847
619,1880
620,1919
621,1945
622,1946
623,1981
624,1961
625,1953
626,1948
627,1876
628,1916
629,1878
630,1923
631,1921
632,1966
633,1967
634,1946
635,1966
636,1921
637,1928
638,1905
639,1892
640,1903
641,1879
642,1893
643,1901
644,1917
645,1853
646,1889
647,1840
648,1829
649,1818
650,1856
651,1892
652,1846
653,1881
654,1871
655,1858
656,1867
657,1834
658,1894
659,1852
660,1859
661,1848
662,1862
663,1848
664,1837
665,1913
666,1908
667,1904
668,1887
669,1856
670,1873
671,1801
672,1816
673,1863
674,1820
675,1869
676,1817
677,1851
678,1821
679,1874
680,1869
681,1917
682,1864
683,1860
684,1825
685,1818
686,1793
687,1819
688,1809
689,1830
690,1910
691,1934
692,1942
693,1940
694,1943
695,1937
696,1900
697,1897
698,1852
699,1879
700,1827
701,1801
702,1799
703,1805
704,1824
705,1821
706,1792
707,1811
708,1798
709,1781
710,1793
711,1797
712,1812
713,1815
714,1811
715,1812
716,1846
717,1863
718,1868
719,1864
720,1860
721,1884
722,1897
723,1921
724,1884
725,1903
726,1834
727,1831
728,1819
729,1843
730,1852
731,1829
732,1844
733,1862
734,1887
735,1868
736,1899
737,1855
738,1883
739,1893
740,1924
741,1874
742,1914
743,1934
744,1990
745,1971
746,1936
747,2016
748,1972
749,1991
750,1954
751,2008
752,1943
753,1992
754,1939
755,1917
756,1900
757,1856
758,1913
759,1875
760,1913
761,1887
762,1857
763,1869
764,1882
765,1895
766,1843
767,1875
768,1862
769,1869
770,1861
771,1831
772,1910
773,1896
774,1931
775,1889
776,1905
777,1898
778,1866
779,1856
780,1854
781,1880
782,1853
783,1853
784,1846
785,1840
786,1841
787,1769
788,1784
789,1742
790,1751
791,1767
792,1715
793,1764
794,1745
795,1792
796,1749
797,1798
798,1762
799,1765
800,1733
801,1767
802,1772
803,1745
804,1761
805,1744
806,1769
807,1818
808,1827
809,1845
810,1848
811,1878
812,1838
813,1833
814,1845
815,1850
816,1889
817,1858
818,1913
819,1869
820,1911
821,1900
822,1913
823,1840
824,1881
825,1854
826,1853
827,1877
828,1869
829,1844
830,1852
831,1838
832,1856
833,1814
834,1792
835,1786
836,1773
837,1810
838,1758
839,1763
840,1754
841,1764
842,1772
843,1779
844,1740
845,1760
846,1735
847,1746
848,1719
849,1753
850,1726
851,1745
852,1743
853,1719
854,1771
855,1729
856,1758
857,1739
858,1790
859,1808
860,1797
861,1779
862,1850
863,1775
864,1820
865,1794
866,1817
867,1814
868,1812
869,1832
870,1829
871,1846
872,1780
873,1814
874,1803
875,1744
876,1763
877,1743
878,1706
879,1731
880,1747
881,1759
882,1725
883,1718
884,1697
885,1672
886,1638
887,1681
888,1691
889,1718
890,1729
891,1705
892,1731
893,1721
894,1761
895,1740
896,1739
897,1796
898,1745
899,1780
900,1784
901,1768
902,1787
903,1751
904,1770
905,1748
906,1780
907,1724
908,1764
909,1712
910,1722
911,1735
912,1772
913,1741
914,1772
915,1750
916,1724
917,1768
918,1749
919,1734
920,1708
921,1707
922,1723
923,1689
924,1732
925,1692
926,1734
927,1690
928,1654
929,1653
930,1669
931,1613
932,1598
933,1555
934,1556
935,1560
936,1484
937,1507
938,1469
939,1488
940,1452
941,1469
942,1472
943,1491
944,1480
945,1536
946,1525
947,1538
948,1538
949,1569
950,1537
951,1560
952,1516
953,1551
954,1560
955,1537
956,1523
957,1560
958,1597
959,1539
960,1532
961,1522
962,1527
963,1531
964,1579
965,1567
966,1536
967,1544
968,1502
969,1534
970,1504
971,1497
972,1456
973,1471
974,1448
975,1445
976,1471
977,1427
978,1452
979,1449
980,1463
981,1427
982,1425
983,1449
984,1465
985,1408
986,1442
987,1410
988,1451
989,1402
990,1383
991,1410
992,1401
993,1375
994,1362
995,1373
996,1360
997,1422
998,1374
999,1389
1000,1384
1001,1365
1002,1394
1003,1402
1004,1405
1005,1434
1006,1403
1007,1408
1008,1395
1009,1397
1010,1391
1011,1380
1012,1398
1013,1378
1014,1407
1015,1388
1016,1412
1017,1418
1018,1449
1019,1418
1020,1409
1021,1422
1022,1423
1023,1429
1024,1401
1025,1385
1026,1372
1027,1357
1028,1362
1029,1395
1030,1358
1031,1354
1032,1351
1033,1331
1034,1357
1035,1348
1036,1382
1037,1343
1038,1332
1039,1345
1040,1354
1041,1326
1042,1320
1043,1329
1044,1328
1045,1341
1046,1302
1047,1332
1048,1313
1049,1316
1050,1310
1051,1316
1052,1310
1053,1307
1054,1300
1055,1284
1056,1307
1057,1300
1058,1299
1059,1305
1060,1314
1061,1304
1062,1315
1063,1316
1064,1320
1065,1321
1066,1301
1067,1305
1068,1296
1069,1298
1070,1296
1071,1321
1072,1330
1073,1319
1074,1319
1075,1322
1076,1318
1077,1309
1078,1311
1079,1298
1080,1288
1081,1297
1082,1288
1083,1308
1084,1301
1085,1320
1086,1317
1087,1301
1088,1310
1089,1314
1090,1340
1091,1320
1092,1317
1093,1294
1094,1288
1095,1280
1096,1264
1097,1266
1098,1259
1099,1258
1100,1246
1101,1246
1102,1264
1103,1226
1104,1234
1105,1233
1106,1231
1107,1221
1108,1230
1109,1219
1110,1240
1111,1233
1112,1262
1113,1226
1114,1234
1115,1226
1116,1240
1117,1231
1118,1247
1119,1264
1120,1267
1121,1257
1122,1251
1123,1268
1124,1247
1125,1256
1126,1235
1127,1234
1128,1231
1129,1253
1130,1247
1131,1254
1132,1261
1133,1251
1134,1246
1135,1248
1136,1257
1137,1262
1138,1258
1139,1258
1140,1262
1141,1257
1142,1264
1143,1271
1144,1255
1145,1239
1146,1265
1147,1250
1148,1261
1149,1265
1150,1268
1151,1272
1152,1269
1153,1300
1154,1255
1155,1268
1156,1265
1157,1269
1158,1264
1159,1260
1160,1243
1161,1241
1162,1241
1163,1224
1164,1224
1165,1224
1166,1218
1167,1227
1168,1227
1169,1218
1170,1206
1171,1196
1172,1214
1173,1220
1174,1215
1175,1195
1176,1217
1177,1204
1178,1200
1179,1209
1180,1200
1181,1201
1182,1200
1183,1193
1184,1206
1185,1188
1186,1175
1187,1167
1188,1156
1189,1182
1190,1177
1191,1183
1192,1192
1193,1190
1194,1206
1195,1201
1196,1169
1197,1168
1198,1172
1199,1175
1200,1165
1201,1171
1202,1177
1203,1160
1204,1165
1205,1147
1206,1154
1207,1161
1208,1178
1209,1164
1210,1178
1211,1156
1212,1161
1213,1169
1214,1166
1215,1161
1216,1169
1217,1169
1218,1170
1219,1166
1220,1168
1221,1141
1222,1146
1223,1140
1224,1133
1225,1136
1226,1138
1227,1142
1228,1144
1229,1136
1230,1143
1231,1144
1232,1141
1233,1143
1234,1150
1235,1149
1236,1159
1237,1152
1238,1157
1239,1160
1240,1166
1241,1174
1242,1177
1243,1164
1244,1162
1245,1166
1246,1158
1247,1154
1248,1156
1249,1161
1250,1167
1251,1160
1252,1169
1253,1174
1254,1163
1255,1174
1256,1158
1257,1173
1258,1162
1259,1155
1260,1158
1261,1154
1262,1156
1263,1158
1264,1157
1265,1162
1266,1154
1267,1162
1268,1150
1269,1157
1270,1156
1271,1150
1272,1152
1273,1140
1274,1140
1275,1144
1276,1136
1277,1140
1278,1137
1279,1150
1280,1144
1281,1157
1282,1146
1283,1153
1284,1140
1285,1134
1286,1132
1287,1136
1288,1143
1289,1132
1290,1130
1291,1127
1292,1128
1293,1137
1294,1128
1295,1129
1296,1127
1297,1133
1298,1126
1299,1134
1300,1129
1301,1130
1302,1129
1303,1128
1304,1134
1305,1131
1306,1134
1307,1132
1308,1134
1309,1137
1310,1138
1311,1140
1312,1147
1313,1130
1314,1129
1315,1138
1316,1135
1317,1147
1318,1137
1319,1143
1320,1144
1321,1151
1322,1147
1323,1156
1324,1152
1325,1166
1326,1162
1327,1167
1328,1167
1329,1162
1330,1160
1331,1164
1332,1165
1333,1166
1334,1164
1335,1164
1336,1170
1337,1176
1338,1175
1339,1174
1340,1180
1341,1187
1342,1200
1343,1192
1344,1177
1345,1187
1346,1180
1347,1179
1348,1184
1349,1168
1350,1175
1351,1169
1352,1170
1353,1182
1354,1164
1355,1183
1356,1175
1357,1186
1358,1184
1359,1183
1360,1178
1361,1175
1362,1173
1363,1154
1364,1159
1365,1148
1366,1151
1367,1155
1368,1145
1369,1136
1370,1142
1371,1136
1372,1140
1373,1132
1374,1136
1375,1139
1376,1141
1377,1130
1378,1131
1379,1129
1380,1127
1381,1129
1382,1123
1383,1121
1384,1119
1385,1119
1386,1119
1387,1119
1388,1119
1389,1119
1390,1119
1391,1119
1392,1119
1393,1119
1394,1119
1395,1119
1396,1119
1397,1119
1398,1119
1399,1119
1400,1119
1401,1119
1402,1119
1403,1119
1404,1119
1405,1119
1406,1119
1407,1119
1408,1119
1409,1119
1410,1119
1411,1119
1412,1119
1413,1119
1414,1119
1415,1119
1416,1119
1417,1119
1418,1120
1419,1120
1420,1121
1421,1120
1422,1121
1423,1117
1424,1114
1425,1114
1426,1114
1427,1114
1428,1114
1429,1114
1430,1114
1431,1114
1432,1114
1433,1114
1434,1114
1435,1114
1436,1114
1437,1114
1438,1114
1439,1114
1440,1114
1441,1114
1442,1114
1443,1114
1444,1114
1445,1114
1446,1114
1447,1114
1448,1114
1449,1114
1450,1114
1451,1114
1452,1114
1453,1114
1454,1114
1455,1114
1456,1114
1457,1114
1458,1114
1459,1114
1460,1114
1461,1114
1462,1114
1463,1114
1464,1114
1465,1114
1466,1114
1467,1114
1468,1114
1469,1114
1470,1114
1471,1114
1472,1114
1473,1114
1474,1114
1475,1114
1476,1114
1477,1114
1478,1114
1479,1114
1480,1114
1481,1114
1482,1114
1483,1114
1484,1114
1485,1114
1486,1114
1487,1114
1488,1114
1489,1114
1490,1114
1491,1114
1492,1114
1493,1114
1494,1114
1495,1114
1496,1114
1497,1114
1498,1114
1499,1114
1500,1114
1501,1114
1502,1114
1503,1114
1504,1114
1505,1114
1506,1114
1507,1114
1508,1114
1509,1114
1510,1114
1511,1114
1512,1114
1513,1114
1514,1114
1515,1114
1516,1114
1517,1114
1518,1114
1519,1114
1520,1114
1521,1114
1522,1114
1523,1114
1524,1114
1525,1114
1526,1114
1527,1114
1528,1114
1529,1114
1530,1114
1531,1114
1532,1114
1533,1114
1534,1114
1535,1114
1536,1114
1537,1114
1538,1114
1539,1114
1540,1114
1541,1114
1542,1114
1543,1114
1544,1114
1545,1114
1546,1114
1547,1114
1548,1114
1549,1114
1550,1114
1551,1114
1552,1114
1553,1114
1554,1114
1555,1114
1556,1114
1557,1114
1558,1114
1559,1114
1560,1114
1561,1114
1562,1114
1563,1114
1564,1114
1565,1114
1566,1114
1567,1114
1568,1114
1569,1114
1570,1114
1571,1114
1572,1114
1573,1114
1574,1114
1575,1114
1576,1114
1577,1114
1578,1114
1579,1114
1580,1114
1581,1114
1582,1114
1583,1114
1584,1114
1585,1114
1586,1114
1587,1114
1588,1114
1589,1114
1590,1114
1591,1114
1592,1114
1593,1114
1594,1114
1595,1114
1596,1114
1597,1114
1598,1114
1599,1114
1600,1114
1601,1114
1602,1114
1603,1114
1604,1114
1605,1114
1606,1114
1607,1114
1608,1114
1609,1114
1610,1114
1611,1114
1612,1114
1613,1114
1614,1114
1615,1114
1616,1114
1617,1114
1618,1114
1619,1114
1620,1114
1621,1114
1622,1114
1623,1114
1624,1114
1625,1114
1626,1114
1627,1114
1628,1114
1629,1114
1630,1114
1631,1114
1632,1114
1633,1114
1634,1114
1635,1114
1636,1114
1637,1114
1638,1114
1639,1114
1640,1114
1641,1114
1642,1114
1643,1114
1644,1114
1645,1114
1646,1114
1647,1114
1648,1114
1649,1114
1650,1114
1651,1114
1652,1114
1653,1114
1654,1114
1655,1114
1656,1114
1657,1114
1658,1114
1659,1114
1660,1114
1661,1114
1662,1114
1663,1114
1664,1114
1665,1114
1666,1114
1667,1114
1668,1114
1669,1114
1670,1114
1671,1114
1672,1114
1673,1114
1674,1114
1675,1114
1676,1114
1677,1114
1678,1114
1679,1114
1680,1114
1681,1114
1682,1114
1683,1114
1684,1114
1685,1114
1686,1114
1687,1114
1688,1114
1689,1114
1690,1114
1691,1114
1692,1114
1693,1114
1694,1114
1695,1114
1696,1114
1697,1114
1698,1114
1699,1114
1700,1114
1701,1114
1702,1114
1703,1114
1704,1114
1705,1114
1706,1114
1707,1114
1708,1114
1709,1114
1710,1114
1711,1114
1712,1114
1713,1114
1714,1114
1715,1114
1716,1114
1717,1114
1718,1114
1719,1114
1720,1114
1721,1114
1722,1114
1723,1114
1724,1114
1725,1114
1726,1114
1727,1114
1728,1114
1729,1114
1730,1114
1731,1114
1732,1114
1733,1114
1734,1114
1735,1114
1736,1114
1737,1114
1738,1114
1739,1114
1740,1114
1741,1114
1742,1114
1743,1114
1744,1114
1745,1114
1746,1114
1747,1114
1748,1114
1749,1114
1750,1114
1751,1114
1752,1114
1753,1114
1754,1114
1755,1114
1756,1114
1757,1114
1758,1114
1759,1114
1760,1114
1761,1114
1762,1114
1763,1114
1764,1114
1765,1114
1766,1114
1767,1114
1768,1114
1769,1114
1770,1114
1771,1114
1772,1114
1773,1114
1774,1114
1775,1114
1776,1114
1777,1114
1778,1114
1779,1114
1780,1114
1781,1114
1782,1114
1783,1114
1784,1114
1785,1114
1786,1114
1787,1114
1788,1114
1789,1114
1790,1114
1791,1114
1792,1114
1793,1114
1794,1114
1795,1114
1796,1114
1797,1114
1798,1114
1799,1114
1800,1114
1801,1114
1802,1114
1803,1114
1804,1114
1805,1114
1806,1114
1807,1114
1808,1114
1809,1114
1810,1114
1811,1114
1812,1114
1813,1114
1814,1114
1815,1114
1816,1114
1817,1114
1818,1114
1819,1114
1820,1114
1821,1114
1822,1114
1823,1114
1824,1114
1825,1114
1826,1114
1827,1114
1828,1114
1829,1114
1830,1114
1831,1114
1832,1114
1833,1114
1834,1114
1835,1114
1836,1114
1837,1114
1838,1114
1839,1114
1840,1114
1841,1114
1842,1114
1843,1114
1844,1114
1845,1114
1846,1114
1847,1114
1848,1114
1849,1114
1850,1114
1851,1114
1852,1114
1853,1114
1854,1114
1855,1114
1856,1114
1857,1114
1858,1114
1859,1114
1860,1114
1861,1114
1862,1114
1863,1114
1864,1114
1865,1114
1866,1114
1867,1114
1868,1114
1869,1114
1870,1114
1871,1114
1872,1114
1873,1114
1874,1114
1875,1114
1876,1114
1877,1114
1878,1114
1879,1114
1880,1114
1881,1114
1882,1114
1883,1114
1884,1114
1885,1114
1886,1114
1887,1114
1888,1114
1889,1114
1890,1114
1891,1114
1892,1114
1893,1114
1894,1114
1895,1114
1896,1114
1897,1114
1898,1114
1899,1114
1900,1114
1901,1114
1902,1114
1903,1114
1904,1114
1905,1114
1906,1114
1907,1114
1908,1114
1909,1114
1910,1114
1911,1114
1912,1114
1913,1114
1914,1114
1915,1114
1916,1114
1917,1114
1918,1114
1919,1114
1920,1114
1921,1114
1922,1114
1923,1114
1924,1114
1925,1114
1926,1114
1927,1114
1928,1114
1929,1114
1930,1114
1931,1114
1932,1114
1933,1114
1934,1114
1935,1114
1936,1114
1937,1114
1938,1114
1939,1114
1940,1114
1941,1114
1942,1114
1943,1114
1944,1114
1945,1114
1946,1114
1947,1114
1948,1114
1949,1114
1950,1114
1951,1114
1952,1114
1953,1114
1954,1114
1955,1114
1956,1114
1957,1114
1958,1114
1959,1114
1960,1114
1961,1114
1962,1114
1963,1114
1964,1114
1965,1114
1966,1114
1967,1114
1968,1114
1969,1114
1970,1114
1971,1114
1972,1114
1973,1114
1974,1114
1975,1114
1976,1114
1977,1114
1978,1114
1979,1114
1980,1114
1981,1114
1982,1114
1983,1114
1984,1114
1985,1114
1986,1114
1987,1114
1988,1114
1989,1114
1990,1114
1991,1114
1992,1114
1993,1114
1994,1114
1995,1114
1996,1114
1997,1114
1998,1114
1999,1114
2000,1114
2001,1114
2002,1114
2003,1114
2004,1114
2005,1114
2006,1114
2007,1114
2008,1114
2009,1114
2010,1114
2011,1114
2012,1114
2013,1114
2014,1114
2015,1114
2016,1114
2017,1114
2018,1114
2019,1114
2020,1114
2021,1114
2022,1114
2023,1114
2024,1114
2025,1114
2026,1114
2027,1114
2028,1114
2029,1114
2030,1114
2031,1114
2032,1114
2033,1114
2034,1114
2035,1114
2036,1114
2037,1114
2038,1114
2039,1114
2040,1114
2041,1114
2042,1114
2043,1114
2044,1114
2045,1114
2046,1114
2047,1114
2048,1114
2049,1114
2050,1114
2051,1114
2052,1114
2053,1114
2054,1114
2055,1114
2056,1114
2057,1114
2058,1114
2059,1114
2060,1114
2061,1114
2062,1114
2063,1114
2064,1114
2065,1114
2066,1114
2067,1114
2068,1114
2069,1114
2070,1114
2071,1114
2072,1114
2073,1114
2074,1114
2075,1114
2076,1114
2077,1114
2078,1114
2079,1114
2080,1114
2081,1114
2082,1114
2083,1114
2084,1114
2085,1114
2086,1114
2087,1114
2088,1114
2089,1114
2090,1114
2091,1114
2092,1114
2093,1114
2094,1114
2095,1114
2096,1114
2097,1114
2098,1114
2099,1114
2100,1114
2101,1114
2102,1114
2103,1114
2104,1114
2105,1114
2106,1114
2107,1114
2108,1114
2109,1114
2110,1114
2111,1114
2112,1114
2113,1114
2114,1114
2115,1114
2116,1114
2117,1114
2118,1114
2119,1114
2120,1114
2121,1114
2122,1114
2123,1114
2124,1114
2125,1114
2126,1114
2127,1114
2128,1114
2129,1114
2130,1114
2131,1114
2132,1114
2133,1114
2134,1114
2135,1114
2136,1114
2137,1114
2138,1114
2139,1114
2140,1114
2141,1114
2142,1114
2143,1114
2144,1114
2145,1114
2146,1114
2147,1114
2148,1114
2149,1114
2150,1114
2151,1114
2152,1114
2153,1114
2154,1114
2155,1114
2156,1114
2157,1114
2158,1114
2159,1114
2160,1114
2161,1114
2162,1114
2163,1114
2164,1114
2165,1114
2166,1114
2167,1114
2168,1114
2169,1114
2170,1114
2171,1114
2172,1114
2173,1114
2174,1114
2175,1114
2176,1114
2177,1114
2178,1114
2179,1114
2180,1114
2181,1114
2182,1114
2183,1114
2184,1114
2185,1114
2186,1114
2187,1114
2188,1114
2189,1114
2190,1114
2191,1114
2192,1114
2193,1114
2194,1114
2195,1114
2196,1114
2197,1114
2198,1114
2199,1114
2200,1114
2201,1114
2202,1114
2203,1114
2204,1114
2205,1114
2206,1114
2207,1114
2208,1114
2209,1114
2210,1114
2211,1114
2212,1114
2213,1114
2214,1114
2215,1114
2216,1114
2217,1114
2218,1114
2219,1114
2220,1114
2221,1114
2222,1114
2223,1114
2224,1114
2225,1114
2226,1114
2227,1114
2228,1114
2229,1114
2230,1114
2231,1114
2232,1114
2233,1114
2234,1114
2235,1114
2236,1114
2237,1114
2238,1114
2239,1114
2240,1114
2241,1114
2242,1114
2243,1114
2244,1114
2245,1114
2246,1114
2247,1114
2248,1114
2249,1114
2250,1114
2251,1114
2252,1114
2253,1114
2254,1114
2255,1114
2256,1114
2257,1114
2258,1114
2259,1114
2260,1114
2261,1114
2262,1114
2263,1114
2264,1114
2265,1114
2266,1114
2267,1114
2268,1114
2269,1114
2270,1114
2271,1114
2272,1114
2273,1114
2274,1114
2275,1114
2276,1114
2277,1114
2278,1114
2279,1114
2280,1114
2281,1114
2282,1114
2283,1114
2284,1114
2285,1114
2286,1114
2287,1114
2288,1114
2289,1114
2290,1114
2291,1114
2292,1114
2293,1114
2294,1114
2295,1114
2296,1114
2297,1114
2298,1114
2299,1114
2300,1114
2301,1114
2302,1114
2303,1114
2304,1114
2305,1114
2306,1114
2307,1114
2308,1114
2309,1114
2310,1114
2311,1114
2312,1114
2313,1114
2314,1114
2315,1114
2316,1114
2317,1114
2318,1114
2319,1114
2320,1114
2321,1114
2322,1114
2323,1114
2324,1114
2325,1114
2326,1114
2327,1114
2328,1114
2329,1114
2330,1114
2331,1114
2332,1114
2333,1114
2334,1114
2335,1114
2336,1114
2337,1114
2338,1114
2339,1114
2340,1114
2341,1114
2342,1114
2343,1114
2344,1114
2345,1114
2346,1114
2347,1114
2348,1114
2349,1114
2350,1114
2351,1114
2352,1114
2353,1114
2354,1114
2355,1114
2356,1114
2357,1114
2358,1114
2359,1114
2360,1114
2361,1114
2362,1114
2363,1114
2364,1114
2365,1114
2366,1114
2367,1114
2368,1114
2369,1114
2370,1114
2371,1114
2372,1114
2373,1114
2374,1114
2375,1114
2376,1114
2377,1114
2378,1114
2379,1114
2380,1114
2381,1114
2382,1114
2383,1114
2384,1114
2385,1114
2386,1114
2387,1114
2388,1114
2389,1114
2390,1114
2391,1114
2392,1114
2393,1114
2394,1114
2395,1114
2396,1114
2397,1114
2398,1114
2399,1114
2400,1114
2401,1114
2402,1114
2403,1114
2404,1114
2405,1114
2406,1114
2407,1114
2408,1114
2409,1114
2410,1114
2411,1114
2412,1114
2413,1114
2414,1114
2415,1114
2416,1114
2417,1114
2418,1114
2419,1114
2420,1114
2421,1114
2422,1114
2423,1114
2424,1114
2425,1114
2426,1114
2427,1114
2428,1114
2429,1114
2430,1114
2431,1114
2432,1114
2433,1114
2434,1114
2435,1114
2436,1114
2437,1114
2438,1114
2439,1114
2440,1114
2441,1114
2442,1114
2443,1114
2444,1114
2445,1114
2446,1114
2447,1114
2448,1114
2449,1114
2450,1114
2451,1114
2452,1114
2453,1114
2454,1114
2455,1114
2456,1114
2457,1114
2458,1114
2459,1114
2460,1114
2461,1114
2462,1114
2463,1114
2464,1114
2465,1114
2466,1114
2467,1114
2468,1114
2469,1114
2470,1114
2471,1114
2472,1114
2473,1114
2474,1114
2475,1114
2476,1114
2477,1114
2478,1114
2479,1114
2480,1114
2481,1114
2482,1114
2483,1114
2484,1114
2485,1114
2486,1114
2487,1114
2488,1114
2489,1114
2490,1114
2491,1114
2492,1114
2493,1114
2494,1114
2495,1114
2496,1114
2497,1114
2498,1114
2499,1114
2500,1114
2501,1114
2502,1114
2503,1114
2504,1114
2505,1114
2506,1114
2507,1114
2508,1114
2509,1114
2510,1114
2511,1114
2512,1114
2513,1114
2514,1114
2515,1114
2516,1114
2517,1114
2518,1114
2519,1114
2520,1114
2521,1114
2522,1114
2523,1114
2524,1114
2525,1114
2526,1114
2527,1114
2528,1114
2529,1114
2530,1114
2531,1114
2532,1114
2533,1114
2534,1114
2535,1114
2536,1114
2537,1114
2538,1114
2539,1114
2540,1114
2541,1114
2542,1114
2543,1114
2544,1114
2545,1114
2546,1114
2547,1114
2548,1114
2549,1114
2550,1114
2551,1114
2552,1114
2553,1114
2554,1114
2555,1114
2556,1114
2557,1114
2558,1114
2559,1114
2560,1114
2561,1114
2562,1114
2563,1114
2564,1114
2565,1114
2566,1114
2567,1114
2568,1114
2569,1114
2570,1114
2571,1114
2572,1114
2573,1114
2574,1114
2575,1114
2576,1114
2577,1114
2578,1114
2579,1114
2580,1114
2581,1114
2582,1114
2583,1114
2584,1114
2585,1114
2586,1114
2587,1114
2588,1114
2589,1114
2590,1114
2591,1114
2592,1114
2593,1114
2594,1114
2595,1114
2596,1114
2597,1114
2598,1114
2599,1114
2600,1114
2601,1114
2602,1114
2603,1114
2604,1114
2605,1114
2606,1114
2607,1114
2608,1114
2609,1114
2610,1114
2611,1114
2612,1114
2613,1114
2614,1114
2615,1114
2616,1114
2617,1114
2618,1114
2619,1114
2620,1114
2621,1114
2622,1114
2623,1114
2624,1114
2625,1114
2626,1114
2627,1114
2628,1114
2629,1114
2630,1114
2631,1114
2632,1114
2633,1114
2634,1114
2635,1114
2636,1114
2637,1114
2638,1114
2639,1114
2640,1114
2641,1114
2642,1114
2643,1114
2644,1114
2645,1114
2646,1114
2647,1114
2648,1114
2649,1114
2650,1114
2651,1114
2652,1114
2653,1114
2654,1114
2655,1114
2656,1114
2657,1114
2658,1114
2659,1114
2660,1114
2661,1114
2662,1114
2663,1114
2664,1114
2665,1114
2666,1114
2667,1114
2668,1114
2669,1114
2670,1114
2671,1114
2672,1114
2673,1114
2674,1114
2675,1114
2676,1114
2677,1114
2678,1114
2679,1114
2680,1114
2681,1114
2682,1114
2683,1114
2684,1114
2685,1114
2686,1114
2687,1114
2688,1114
2689,1114
2690,1114
2691,1114
2692,1114
2693,1114
2694,1114
2695,1114
2696,1114
2697,1114
2698,1114
2699,1114
2700,1114
2701,1114
2702,1114
2703,1114
2704,1114
2705,1114
2706,1114
2707,1114
2708,1114
2709,1114
2710,1114
2711,1114
2712,1114
2713,1114
2714,1114
2715,1114
2716,1114
2717,1114
2718,1114
2719,1114
2720,1114
2721,1114
2722,1114
2723,1114
2724,1114
2725,1114
2726,1114
2727,1114
2728,1114
2729,1114
2730,1114
2731,1114
2732,1114
2733,1114
2734,1114
2735,1114
2736,1114
2737,1114
2738,1114
2739,1114
2740,1114
2741,1114
2742,1114
2743,1114
2744,1114
2745,1114
2746,1114
2747,1114
2748,1114
2749,1114
2750,1114
2751,1114
2752,1114
2753,1114
2754,1114
2755,1114
2756,1114
2757,1114
2758,1114
2759,1114
2760,1114
2761,1114
2762,1114
2763,1114
2764,1114
2765,1114
2766,1114
2767,1114
2768,1114
2769,1114
2770,1114
2771,1114
2772,1114
2773,1114
2774,1114
2775,1114
2776,1114
2777,1114
2778,1114
2779,1114
2780,1114
2781,1114
2782,1114
2783,1114
2784,1114
2785,1114
2786,1114
2787,1114
2788,1114
2789,1114
2790,1114
2791,1114
2792,1114
2793,1114
2794,1114
2795,1114
2796,1114
2797,1114
2798,1114
2799,1114
2800,1114
2801,1114
2802,1114
2803,1114
2804,1114
2805,1114
2806,1114
2807,1114
2808,1114
2809,1114
2810,1114
2811,1114
2812,1114
2813,1114
2814,1114
2815,1114
2816,1114
2817,1114
2818,1114
2819,1114
2820,1114
2821,1114
2822,1114
2823,1114
2824,1114
2825,1114
2826,1114
2827,1114
2828,1114
2829,1114
2830,1114
2831,1114
2832,1114
2833,1114
2834,1114
2835,1114
2836,1114
2837,1114
2838,1114
2839,1114
2840,1114
2841,1114
2842,1114
2843,1114
2844,1114
2845,1114
2846,1114
2847,1114
2848,1114
2849,1114
2850,1114
2851,1114
2852,1114
2853,1114
2854,1114
2855,1114
2856,1114
2857,1114
2858,1114
2859,1114
2860,1114
2861,1114
2862,1114
2863,1114
2864,1114
2865,1114
2866,1114
2867,1114
2868,1114
2869,1114
2870,1114
2871,1114
2872,1114
2873,1114
2874,1114
2875,1114
2876,1114
2877,1114
2878,1114
2879,1114
2880,1114
2881,1114
2882,1114
2883,1114
2884,1114
2885,1114
2886,1114
2887,1114
2888,1114
2889,1114
2890,1114
2891,1114
2892,1114
2893,1114
2894,1114
2895,1114
2896,1114
2897,1114
2898,1114
2899,1114
2900,1114
2901,1114
2902,1114
2903,1114
2904,1114
2905,1114
2906,1114
2907,1114
2908,1114
2909,1114
2910,1114
2911,1114
2912,1114
2913,1114
2914,1114
2915,1114
2916,1114
2917,1114
2918,1114
2919,1114
2920,1114
2921,1114
2922,1114
2923,1114
2924,1114
2925,1114
2926,1114
2927,1114
2928,1114
2929,1114
2930,1114
2931,1114
2932,1114
2933,1114
2934,1114
2935,1114
2936,1114
2937,1114
2938,1114
2939,1114
2940,1114
2941,1114
2942,1114
2943,1114
2944,1114
2945,1114
2946,1114
2947,1114
2948,1114
2949,1114
2950,1114
2951,1114
2952,1114
2953,1114
2954,1114
2955,1114
2956,1114
2957,1114
2958,1114
2959,1114
2960,1114
2961,1114
2962,1114
2963,1114
2964,1114
2965,1114
2966,1114
2967,1114
2968,1114
2969,1114
2970,1114
2971,1114
2972,1114
2973,1114
2974,1114
2975,1114
2976,1114
2977,1114
2978,1114
2979,1114
2980,1114
2981,1114
2982,1114
2983,1114
2984,1114
2985,1114
2986,1114
2987,1114
2988,1114
2989,1114
2990,1114
2991,1114
2992,1114
2993,1114
2994,1114
2995,1114
2996,1114
2997,1114
2998,1114
2999,1114
3000,1114
3001,1114
3002,1114
3003,1114
3004,1114
3005,1114
3006,1114
3007,1114
3008,1114
3009,1114
3010,1114
3011,1114
3012,1114
3013,1114
3014,1114
3015,1114
3016,1114
3017,1114
3018,1114
3019,1114
3020,1114
3021,1114
3022,1114
3023,1114
3024,1114
3025,1114
3026,1114
3027,1114
3028,1114
3029,1114
3030,1114
3031,1114
3032,1114
3033,1114
3034,1114
3035,1114
3036,1114
3037,1114
3038,1114
3039,1114
3040,1114
3041,1114
3042,1114
3043,1114
3044,1114
3045,1114
3046,1114
3047,1114
3048,1114
3049,1114
3050,1114
3051,1114
3052,1114
3053,1114
3054,1114
3055,1114
3056,1114
3057,1114
3058,1114
3059,1114
3060,1114
3061,1114
3062,1114
3063,1114
3064,1114
3065,1114
3066,1114
3067,1114
3068,1114
3069,1114
3070,1114
3071,1114
3072,1114
3073,1114
3074,1114
3075,1114
3076,1114
3077,1114
3078,1114
3079,1114
3080,1114
3081,1114
3082,1114
3083,1114
3084,1114
3085,1114
3086,1114
3087,1114
3088,1114
3089,1114
3090,1114
3091,1114
3092,1114
3093,1114
3094,1114
3095,1114
3096,1114
3097,1114
3098,1114
3099,1114
3100,1114
3101,1114
3102,1114
3103,1114
3104,1114
3105,1114
3106,1114
3107,1114
3108,1114
3109,1114
3110,1114
3111,1114
3112,1114
3113,1114
3114,1114
3115,1114
3116,1114
3117,1114
3118,1114
3119,1114
3120,1114
3121,1114
3122,1114
3123,1114
3124,1114
3125,1114
3126,1114
3127,1114
3128,1114
3129,1114
3130,1114
3131,1114
3132,1114
3133,1114
3134,1114
3135,1114
3136,1114
3137,1114
3138,1114
3139,1114
3140,1114
3141,1114
3142,1114
3143,1114
3144,1114
3145,1114
3146,1114
3147,1114
3148,1114
3149,1114
3150,1114
3151,1114
3152,1114
3153,1114
3154,1114
3155,1114
3156,1114
3157,1114
3158,1114
3159,1114
3160,1114
3161,1114
3162,1114
3163,1114
3164,1114
3165,1114
3166,1114
3167,1114
3168,1114
3169,1114
3170,1114
3171,1114
3172,1114
3173,1114
3174,1114
3175,1114
3176,1114
3177,1114
3178,1114
3179,1114
3180,1114
3181,1114
3182,1114
3183,1114
3184,1114
3185,1114
3186,1114
3187,1114
3188,1114
3189,1114
3190,1114
3191,1114
3192,1114
3193,1114
3194,1114
3195,1114
3196,1114
3197,1114
3198,1114
3199,1114
3200,1114
3201,1114
3202,1114
3203,1114
3204,1114
3205,1114
3206,1114
3207,1114
3208,1114
3209,1114
3210,1114
3211,1114
3212,1114
3213,1114
3214,1114
3215,1114
3216,1114
3217,1114
3218,1114
3219,1114
3220,1114
3221,1114
3222,1114
3223,1114
3224,1114
3225,1114
3226,1114
3227,1114
3228,1114
3229,1114
3230,1114
3231,1114
3232,1114
3233,1114
3234,1114
3235,1114
3236,1114
3237,1114
3238,1114
3239,1114
3240,1114
3241,1114
3242,1114
3243,1114
3244,1114
3245,1114
3246,1114
3247,1114
3248,1114
3249,1114
3250,1114
3251,1114
3252,1114
3253,1114
3254,1114
3255,1114
3256,1114
3257,1114
3258,1114
3259,1114
3260,1114
3261,1114
3262,1114
3263,1114
3264,1114
3265,1114
3266,1114
3267,1114
3268,1114
3269,1114
3270,1114
3271,1114
3272,1114
3273,1114
3274,1114
3275,1114
3276,1114
3277,1114
3278,1114
3279,1114
3280,1114
3281,1114
3282,1114
3283,1114
3284,1114
3285,1114
3286,1114
3287,1114
3288,1114
3289,1114
3290,1114
3291,1114
3292,1114
3293,1114
3294,1114
3295,1114
3296,1114
3297,1114
3298,1114
3299,1114
3300,1114
3301,1114
3302,1114
3303,1114
3304,1114
3305,1114
3306,1114
3307,1114
3308,1114
3309,1114
3310,1114
3311,1114
3312,1114
3313,1114
3314,1114
3315,1114
3316,1114
3317,1114
3318,1114
3319,1114
3320,1114
3321,1114
3322,1114
3323,1114
3324,1114
3325,1114
3326,1114
3327,1114
3328,1114
3329,1114
3330,1114
3331,1114
3332,1114
3333,1114
3334,1114
3335,1114
3336,1114
3337,1114
3338,1114
3339,1114
3340,1114
3341,1114
3342,1114
3343,1114
3344,1114
3345,1114
3346,1114
3347,1114
3348,1114
3349,1114
3350,1114
3351,1114
3352,1114
3353,1114
3354,1114
3355,1114
3356,1114
3357,1114
3358,1114
3359,1114
3360,1114
3361,1114
3362,1114
3363,1114
3364,1114
3365,1114
3366,1114
3367,1114
3368,1114
3369,1114
3370,1114
3371,1114
3372,1114
3373,1114
3374,1114
3375,1114
3376,1114
3377,1114
3378,1114
3379,1114
3380,1114
3381,1114
3382,1114
3383,1114
3384,1114
3385,1114
3386,1114
3387,1114
3388,1114
3389,1114
3390,1114
3391,1114
3392,1114
3393,1114
3394,1114
3395,1114
3396,1114
3397,1114
3398,1114
3399,1114
3400,1114
3401,1114
3402,1114
3403,1114
3404,1114
3405,1114
3406,1114
3407,1114
3408,1114
3409,1114
3410,1114
3411,1114
3412,1114
3413,1114
3414,1114
3415,1114
3416,1114
3417,1114
3418,1114
3419,1114
3420,1114
3421,1114
3422,1114
3423,1114
3424,1114
3425,1114
3426,1114
3427,1114
3428,1114
3429,1114
3430,1114
3431,1114
3432,1114
3433,1114
3434,1114
3435,1114
3436,1114
3437,1114
3438,1114
3439,1114
3440,1114
3441,1114
3442,1114
3443,1114
3444,1114
3445,1114
3446,1114
3447,1114
3448,1114
3449,1114
3450,1114
3451,1114
3452,1114
3453,1114
3454,1114
3455,1114
3456,1114
3457,1114
3458,1114
3459,1114
3460,1114
3461,1114
3462,1114
3463,1114
3464,1114
3465,1114
3466,1114
3467,1114
3468,1114
3469,1114
3470,1114
3471,1114
3472,1114
3473,1114
3474,1114
3475,1114
3476,1114
3477,1114
3478,1114
3479,1114
3480,1114
3481,1114
3482,1114
3483,1114
3484,1114
3485,1114
3486,1114
3487,1114
3488,1114
3489,1114
3490,1114
3491,1114
3492,1114
3493,1114
3494,1114
3495,1114
3496,1114
3497,1114
3498,1114
3499,1114
3500,1114
3501,1114
3502,1114
3503,1114
3504,1114
3505,1114
3506,1114
3507,1114
3508,1114
3509,1114
3510,1114
3511,1114
3512,1114
3513,1114
3514,1114
3515,1114
3516,1114
3517,1114
3518,1114
3519,1114
3520,1114
3521,1114
3522,1114
3523,1114
3524,1114
3525,1114
3526,1114
3527,1114
3528,1114
3529,1114
3530,1114
3531,1114
3532,1114
3533,1114
3534,1114
3535,1114
3536,1114
3537,1114
3538,1114
3539,1114
3540,1114
3541,1114
3542,1114
3543,1114
3544,1114
3545,1114
3546,1114
3547,1114
3548,1114
3549,1114
3550,1114
3551,1114
3552,1114
3553,1114
3554,1114
3555,1114
3556,1114
3557,1114
3558,1114
3559,1114
3560,1114
3561,1114
3562,1114
3563,1114
3564,1114
3565,1114
3566,1114
3567,1114
3568,1114
3569,1114
3570,1114
3571,1114
3572,1114
3573,1114
3574,1114
3575,1114
3576,1114
3577,1114
3578,1114
3579,1114
3580,1114
3581,1114
3582,1114
3583,1114
3584,1114
3585,1114
3586,1114
3587,1114
3588,1114
3589,1114
3590,1114
3591,1114
3592,1114
3593,1114
3594,1114
3595,1114
3596,1114
3597,1114
3598,1114
3599,1114
3600,1114
3601,1114
3602,1114
3603,1114
3604,1114
3605,1114
3606,1114
3607,1114
3608,1114
3609,1114
3610,1114
3611,1114
3612,1114
3613,1114
3614,1114
3615,1114
3616,1114
3617,1114
3618,1114
3619,1114
3620,1114
3621,1114
3622,1114
3623,1114
3624,1114
3625,1114
3626,1114
3627,1114
3628,1114
3629,1114
3630,1114
3631,1114
3632,1114
3633,1114
3634,1114
3635,1114
3636,1114
3637,1114
3638,1114
3639,1114
3640,1114
3641,1114
3642,1114
3643,1114
3644,1114
3645,1114
3646,1114
3647,1114
3648,1114
3649,1114
3650,1114
3651,1114
3652,1114
3653,1114
3654,1114
3655,1114
3656,1114
3657,1114
3658,1114
3659,1114
3660,1114
3661,1114
3662,1114
3663,1114
3664,1114
3665,1114
3666,1114
3667,1114
3668,1114
3669,1114
3670,1114
3671,1114
3672,1114
3673,1114
3674,1114
3675,1114
3676,1114
3677,1114
3678,1114
3679,1114
3680,1114
3681,1114
3682,1114
3683,1114
3684,1114
3685,1114
3686,1114
3687,1114
3688,1114
3689,1114
3690,1114
3691,1114
3692,1114
3693,1114
3694,1114
3695,1114
3696,1114
3697,1114
3698,1114
3699,1114
3700,1114
3701,1114
3702,1114
3703,1114
3704,1114
3705,1114
3706,1114
3707,1114
3708,1114
3709,1114
3710,1114
3711,1114
3712,1114
3713,1114
3714,1114
3715,1114
3716,1114
3717,1114
3718,1114
3719,1114
3720,1114
3721,1114
3722,1114
3723,1114
3724,1114
3725,1114
3726,1114
3727,1114
3728,1114
3729,1114
3730,1114
3731,1114
3732,1114
3733,1114
3734,1114
3735,1114
3736,1114
3737,1114
3738,1114
3739,1114
3740,1114
3741,1114
3742,1114
3743,1114
3744,1114
3745,1114
3746,1114
3747,1114
3748,1114
3749,1114
3750,1114
3751,1114
3752,1114
3753,1114
3754,1114
3755,1114
3756,1114
3757,1114
3758,1114
3759,1114
3760,1114
3761,1114
3762,1114
3763,1114
3764,1114
3765,1114
3766,1114
3767,1114
3768,1114
3769,1114
3770,1114
3771,1114
3772,1114
3773,1114
3774,1114
3775,1114
3776,1114
3777,1114
3778,1114
3779,1114
3780,1114
3781,1114
3782,1114
3783,1114
3784,1114
3785,1114
3786,1114
3787,1114
3788,1114
3789,1114
3790,1114
3791,1114
3792,1114
3793,1114
3794,1114
3795,1114
3796,1114
3797,1114
3798,1114
3799,1114
3800,1114
3801,1114
3802,1114
3803,1114
3804,1114
3805,1114
3806,1114
3807,1114
3808,1114
3809,1114
3810,1114
3811,1114
3812,1114
3813,1114
3814,1114
3815,1114
3816,1114
3817,1114
3818,1114
3819,1114
3820,1114
3821,1114
3822,1114
3823,1114
3824,1114
3825,1114
3826,1114
3827,1114
3828,1114
3829,1114
3830,1114
3831,1114
3832,1114
3833,1114
3834,1114
3835,1114
3836,1114
3837,1114
3838,1114
3839,1114
3840,1114
3841,1114
3842,1114
3843,1114
3844,1114
3845,1114
3846,1114
3847,1114
3848,1114
3849,1114
3850,1114
3851,1114
3852,1114
3853,1114
3854,1114
3855,1114
3856,1114
3857,1114
3858,1114
3859,1114
3860,1114
3861,1114
3862,1114
3863,1114
3864,1114
3865,1114
3866,1114
3867,1114
3868,1114
3869,1114
3870,1114
3871,1114
3872,1114
3873,1114
3874,1114
3875,1114
3876,1114
3877,1114
3878,1114
3879,1114
3880,1114
3881,1114
3882,1114
3883,1114
3884,1114
3885,1114
3886,1114
3887,1114
3888,1114
3889,1114
3890,1114
3891,1114
3892,1114
3893,1114
3894,1114
3895,1114
3896,1114
3897,1114
3898,1114
3899,1114
3900,1114
3901,1114
3902,1114
3903,1114
3904,1114
3905,1114
3906,1114
3907,1114
3908,1114
3909,1114
3910,1114
3911,1114
3912,1114
3913,1114
3914,1114
3915,1114
3916,1114
3917,1114
3918,1114
3919,1114
3920,1114
3921,1114
3922,1114
3923,1114
3924,1114
3925,1114
3926,1114
3927,1114
3928,1114
3929,1114
3930,1114
3931,1114
3932,1114
3933,1114
3934,1114
3935,1114
3936,1114
3937,1114
3938,1114
3939,1114
3940,1114
3941,1114
3942,1114
3943,1114
3944,1114
3945,1114
3946,1114
3947,1114
3948,1114
3949,1114
3950,1114
3951,1114
3952,1114
3953,1114
3954,1114
3955,1114
3956,1114
3957,1114
3958,1114
3959,1114
3960,1114
3961,1114
3962,1114
3963,1114
3964,1114
3965,1114
3966,1114
3967,1114
3968,1114
3969,1114
3970,1114
3971,1114
3972,1114
3973,1114
3974,1114
3975,1114
3976,1114
3977,1114
3978,1114
3979,1114
3980,1114
3981,1114
3982,1114
3983,1114
3984,1114
3985,1114
3986,1114
3987,1114
3988,1114
3989,1114
3990,1114
3991,1114
3992,1114
3993,1114
3994,1114
3995,1114
3996,1114
3997,1114
3998,1114
3999,1114
4000,1114
4001,1114
4002,1114
4003,1114
4004,1114
4005,1114
4006,1114
4007,1114
4008,1114
4009,1114
4010,1114
4011,1114
4012,1114
4013,1114
4014,1114
4015,1114
4016,1114
4017,1114
4018,1114
4019,1114
4020,1114
4021,1114
4022,1114
4023,1114
4024,1114
4025,1114
4026,1114
4027,1114
4028,1114
4029,1114
4030,1114
4031,1114
4032,1114
4033,1114
4034,1114
4035,1114
4036,1114
4037,1114
4038,1114
4039,1114
4040,1114
4041,1114
4042,1114
4043,1114
4044,1114
4045,1114
4046,1114
4047,1114
4048,1114
4049,1114
4050,1114
4051,1114
4052,1114
4053,1114
4054,1114
4055,1114
4056,1114
4057,1114
4058,1114
4059,1114
4060,1114
4061,1114
4062,1114
4063,1114
4064,1114
4065,1114
4066,1114
4067,1114
4068,1114
4069,1114
4070,1114
4071,1114
4072,1114
4073,1114
4074,1114
4075,1114
4076,1114
4077,1114
4078,1114
4079,1114
4080,1114
4081,1114
4082,1114
4083,1114
4084,1114
4085,1114
4086,1114
4087,1114
4088,1114
4089,1114
4090,1114
4091,1114
4092,1114
4093,1114
4094,1114
4095,1114
4096,1114
4097,1114
4098,1114
4099,1114
4100,1114
4101,1114
4102,1114
4103,1114
4104,1114
4105,1114
4106,1114
4107,1114
4108,1114
4109,1114
4110,1114
4111,1114
4112,1114
4113,1114
4114,1114
4115,1114
4116,1114
4117,1114
4118,1114
4119,1114
4120,1114
4121,1114
4122,1114
4123,1114
4124,1114
4125,1114
4126,1114
4127,1114
4128,1114
4129,1114
4130,1114
4131,1114
4132,1114
4133,1114
4134,1114
4135,1114
4136,1114
4137,1114
4138,1114
4139,1114
4140,1114
4141,1114
4142,1114
4143,1114
4144,1114
4145,1114
4146,1114
4147,1114
4148,1114
4149,1114
4150,1114
4151,1114
4152,1114
4153,1114
4154,1114
4155,1114
4156,1114
4157,1114
4158,1114
4159,1114
4160,1114
4161,1114
4162,1114
4163,1114
4164,1114
4165,1114
4166,1114
4167,1114
4168,1114
4169,1114
4170,1114
4171,1114
4172,1114
4173,1114
4174,1114
4175,1114
4176,1114
4177,1114
4178,1114
4179,1114
4180,1114
4181,1114
4182,1114
4183,1114
4184,1114
4185,1114
4186,1114
4187,1114
4188,1114
4189,1114
4190,1114
4191,1114
4192,1114
4193,1114
4194,1114
4195,1114
4196,1114
4197,1114
4198,1114
4199,1114
4200,1114
4201,1114
4202,1114
4203,1114
4204,1114
4205,1114
4206,1114
4207,1114
4208,1114
4209,1114
4210,1114
4211,1114
4212,1114
4213,1114
4214,1114
4215,1114
4216,1114
4217,1114
4218,1114
4219,1114
4220,1114
4221,1114
4222,1114
4223,1114
4224,1114
4225,1114
4226,1114
4227,1114
4228,1114
4229,1114
4230,1114
4231,1114
4232,1114
4233,1114
4234,1114
4235,1114
4236,1114
4237,1114
4238,1114
4239,1114
4240,1114
4241,1114
4242,1114
4243,1114
4244,1114
4245,1114
4246,1114
4247,1114
4248,1114
4249,1114
4250,1114
4251,1114
4252,1114
4253,1114
4254,1114
4255,1114
4256,1114
4257,1114
4258,1114
4259,1114
4260,1114
4261,1114
4262,1114
4263,1114
4264,1114
4265,1114
4266,1114
4267,1114
4268,1114
4269,1114
4270,1114
4271,1114
4272,1114
4273,1114
4274,1114
4275,1114
4276,1114
4277,1114
4278,1114
4279,1114
4280,1114
4281,1114
4282,1114
4283,1114
4284,1114
4285,1114
4286,1114
4287,1114
4288,1114
4289,1114
4290,1114
4291,1114
4292,1114
4293,1114
4294,1114
4295,1114
4296,1114
4297,1114
4298,1114
4299,1114
4300,1114
4301,1114
4302,1114
4303,1114
4304,1114
4305,1114
4306,1114
4307,1114
4308,1114
4309,1114
4310,1114
4311,1114
4312,1114
4313,1114
4314,1114
4315,1114
4316,1114
4317,1114
4318,1114
4319,1114
4320,1114
4321,1114
4322,1114
4323,1114
4324,1114
4325,1114
4326,1114
4327,1114
4328,1114
4329,1114
4330,1114
4331,1114
4332,1114
4333,1114
4334,1114
4335,1114
4336,1114
4337,1114
4338,1114
4339,1114
4340,1114
4341,1114
4342,1114
4343,1114
4344,1114
4345,1114
4346,1114
4347,1114
4348,1114
4349,1114
4350,1114
4351,1114
4352,1114
4353,1114
4354,1114
4355,1114
4356,1114
4357,1114
4358,1114
4359,1114
4360,1114
4361,1114
4362,1114
4363,1114
4364,1114
4365,1114
4366,1114
4367,1114
4368,1114
4369,1114
4370,1114
4371,1114
4372,1114
4373,1114
4374,1114
4375,1114
4376,1114
4377,1114
4378,1114
4379,1114
4380,1114
4381,1114
4382,1114
4383,1114
4384,1114
4385,1114
4386,1114
4387,1114
4388,1114
4389,1114
4390,1114
4391,1114
4392,1114
4393,1114
4394,1114
4395,1114
4396,1114
4397,1114
4398,1114
4399,1114
4400,1114
4401,1114
4402,1114
4403,1114
4404,1114
4405,1114
4406,1114
4407,1114
4408,1114
4409,1114
4410,1114
4411,1114
4412,1114
4413,1114
4414,1114
4415,1114
4416,1114
4417,1114
4418,1114
4419,1114
4420,1114
4421,1114
4422,1114
4423,1114
4424,1114
4425,1114
4426,1114
4427,1114
4428,1114
4429,1114
4430,1114
4431,1114
4432,1114
4433,1114
4434,1114
4435,1114
4436,1114
4437,1114
4438,1114
4439,1114
4440,1114
4441,1114
4442,1114
4443,1114
4444,1114
4445,1114
4446,1114
4447,1114
4448,1114
4449,1114
4450,1114
4451,1114
4452,1114
4453,1114
4454,1114
4455,1114
4456,1114
4457,1114
4458,1114
4459,1114
4460,1114
4461,1114
4462,1114
4463,1114
4464,1114
4465,1114
4466,1114
4467,1114
4468,1114
4469,1114
4470,1114
4471,1114
4472,1114
4473,1114
4474,1114
4475,1114
4476,1114
4477,1114
4478,1114
4479,1114
4480,1114
4481,1114
4482,1114
4483,1114
4484,1114
4485,1114
4486,1114
4487,1114
4488,1114
4489,1114
4490,1114
4491,1114
4492,1114
4493,1114
4494,1114
4495,1114
4496,1114
4497,1114
4498,1114
4499,1114
4500,1114
4501,1114
4502,1114
4503,1114
4504,1114
4505,1114
4506,1114
4507,1114
4508,1114
4509,1114
4510,1114
4511,1114
4512,1114
4513,1114
4514,1114
4515,1114
4516,1114
4517,1114
4518,1114
4519,1114
4520,1114
4521,1114
4522,1114
4523,1114
4524,1114
4525,1114
4526,1114
4527,1114
4528,1114
4529,1114
4530,1114
4531,1114
4532,1114
4533,1114
4534,1114
4535,1114
4536,1114
4537,1114
4538,1114
4539,1114
4540,1114
4541,1114
4542,1114
4543,1114
4544,1114
4545,1114
4546,1114
4547,1114
4548,1114
4549,1114
4550,1114
4551,1114
4552,1114
4553,1114
4554,1114
4555,1114
4556,1114
4557,1114
4558,1114
4559,1114
4560,1114
4561,1114
4562,1114
4563,1114
4564,1114
4565,1114
4566,1114
4567,1114
4568,1114
4569,1114
4570,1114
4571,1114
4572,1114
4573,1114
4574,1114
4575,1114
4576,1114
4577,1114
4578,1114
4579,1114
4580,1114
4581,1114
4582,1114
4583,1114
4584,1114
4585,1114
4586,1114
4587,1114
4588,1114
4589,1114
4590,1114
4591,1114
4592,1114
4593,1114
4594,1114
4595,1114
4596,1114
4597,1114
4598,1114
4599,1114
4600,1114
4601,1114
4602,1114
4603,1114
4604,1114
4605,1114
4606,1114
4607,1114
4608,1114
4609,1114
4610,1114
4611,1114
4612,1114
4613,1114
4614,1114
4615,1114
4616,1114
4617,1114
4618,1114
4619,1114
4620,1114
4621,1114
4622,1114
4623,1114
4624,1114
4625,1114
4626,1114
4627,1114
4628,1114
4629,1114
4630,1114
4631,1114
4632,1114
4633,1114
4634,1114
4635,1114
4636,1114
4637,1114
4638,1114
4639,1114
4640,1114
4641,1114
4642,1114
4643,1114
4644,1114
4645,1114
4646,1114
4647,1114
4648,1114
4649,1114
4650,1114
4651,1114
4652,1114
4653,1114
4654,1114
4655,1114
4656,1114
4657,1114
4658,1114
4659,1114
4660,1114
4661,1114
4662,1114
4663,1114
4664,1114
4665,1114
4666,1114
4667,1114
4668,1114
4669,1114
4670,1114
4671,1114
4672,1114
4673,1114
4674,1114
4675,1114
4676,1114
4677,1114
4678,1114
4679,1114
4680,1114
4681,1114
4682,1114
4683,1114
4684,1114
4685,1114
4686,1114
4687,1114
4688,1114
4689,1114
4690,1114
4691,1114
4692,1114
4693,1114
4694,1114
4695,1114
4696,1114
4697,1114
4698,1114
4699,1114
4700,1114
4701,1114
4702,1114
4703,1114
4704,1114
4705,1114
4706,1114
4707,1114
4708,1114
4709,1114
4710,1114
4711,1114
4712,1114
4713,1114
4714,1114
4715,1114
4716,1114
4717,1114
4718,1114
4719,1114
4720,1114
4721,1114
4722,1114
4723,1114
4724,1114
4725,1114
4726,1114
4727,1114
4728,1114
4729,1114
4730,1114
4731,1114
4732,1114
4733,1114
4734,1114
4735,1114
4736,1114
4737,1114
4738,1114
4739,1114
4740,1114
4741,1114
4742,1114
4743,1114
4744,1114
4745,1114
4746,1114
4747,1114
4748,1114
4749,1114
4750,1114
4751,1114
4752,1114
4753,1114
4754,1114
4755,1114
4756,1114
4757,1114
4758,1114
4759,1114
4760,1114
4761,1114
4762,1114
4763,1114
4764,1114
4765,1114
4766,1114
4767,1114
4768,1114
4769,1114
4770,1114
4771,1114
4772,1114
4773,1114
4774,1114
4775,1114
4776,1114
4777,1114
4778,1114
4779,1114
4780,1114
4781,1114
4782,1114
4783,1114
4784,1114
4785,1114
4786,1114
4787,1114
4788,1114
4789,1114
4790,1114
4791,1114
4792,1114
4793,1114
4794,1114
4795,1114
4796,1114
4797,1114
4798,1114
4799,1114
4800,1114
4801,1114
4802,1114
4803,1114
4804,1114
4805,1114
4806,1114
4807,1114
4808,1114
4809,1114
4810,1114
4811,1114
4812,1114
4813,1114
4814,1114
4815,1114
4816,1114
4817,1114
4818,1114
4819,1114
4820,1114
4821,1114
4822,1114
4823,1114
4824,1114
4825,1114
4826,1114
4827,1114
4828,1114
4829,1114
4830,1114
4831,1114
4832,1114
4833,1114
4834,1114
4835,1114
4836,1114
4837,1114
4838,1114
4839,1114
4840,1114
4841,1114
4842,1114
4843,1114
4844,1114
4845,1114
4846,1114
4847,1114
4848,1114
4849,1114
4850,1114
4851,1114
4852,1114
4853,1114
4854,1114
4855,1114
4856,1114
4857,1114
4858,1114
4859,1114
4860,1114
4861,1114
4862,1114
4863,1114
4864,1114
4865,1114
4866,1114
4867,1114
4868,1114
4869,1114
4870,1114
4871,1114
4872,1114
4873,1114
4874,1114
4875,1114
4876,1114
4877,1114
4878,1114
4879,1114
4880,1114
4881,1114
4882,1114
4883,1114
4884,1114
4885,1114
4886,1114
4887,1114
4888,1114
4889,1114
4890,1114
4891,1114
4892,1114
4893,1114
4894,1114
4895,1114
4896,1114
4897,1114
4898,1114
4899,1114
4900,1114
4901,1114
4902,1114
4903,1114
4904,1114
4905,1114
4906,1114
4907,1114
4908,1114
4909,1114
4910,1114
4911,1114
4912,1114
4913,1114
4914,1114
4915,1114
4916,1114
4917,1114
4918,1114
4919,1114
4920,1114
4921,1114
4922,1114
4923,1114
4924,1114
4925,1114
4926,1114
4927,1114
4928,1114
4929,1114
4930,1114
4931,1114
4932,1114
4933,1114
4934,1114
4935,1114
4936,1114
4937,1114
4938,1114
4939,1114
4940,1114
4941,1114
4942,1114
4943,1114
4944,1114
4945,1114
4946,1114
4947,1114
4948,1114
4949,1114
4950,1114
4951,1114
4952,1114
4953,1114
4954,1114
4955,1114
4956,1114
4957,1114
4958,1114
4959,1114
4960,1114
4961,1114
4962,1114
4963,1114
4964,1114
4965,1114
4966,1114
4967,1114
4968,1114
4969,1114
4970,1114
4971,1114
4972,1114
4973,1114
4974,1114
4975,1114
4976,1114
4977,1114
4978,1114
4979,1114
4980,1114
4981,1114
4982,1114
4983,1114
4984,1114
4985,1114
4986,1114
4987,1114
4988,1114
4989,1114
4990,1114
4991,1114
4992,1114
4993,1114
4994,1114
4995,1114
4996,1114
4997,1114
4998,1114
4999,1114
5000,1114
5001,1114
5002,1114
5003,1114
5004,1114
5005,1114
5006,1114
5007,1114
5008,1114
5009,1114
5010,1114
5011,1114
5012,1114
5013,1114
5014,1114
5015,1114
5016,1114
5017,1114
5018,1114
5019,1114
5020,1114
5021,1114
5022,1114
5023,1114
5024,1114
5025,1114
5026,1114
5027,1114
5028,1114
5029,1114
5030,1114
5031,1114
5032,1114
5033,1114
5034,1114
5035,1114
5036,1114
5037,1114
5038,1114
5039,1114
5040,1114
5041,1114
5042,1114
5043,1114
5044,1114
5045,1114
5046,1114
5047,1114
5048,1114
5049,1114
5050,1114
5051,1114
5052,1114
5053,1114
5054,1114
5055,1114
5056,1114
5057,1114
5058,1114
5059,1114
5060,1114
5061,1114
5062,1114
5063,1114
5064,1114
5065,1114
5066,1114
5067,1114
5068,1114
5069,1114
5070,1114
5071,1114
5072,1114
5073,1114
5074,1114
5075,1114
5076,1114
5077,1114
5078,1114
5079,1114
5080,1114
5081,1114
5082,1114
5083,1114
5084,1114
5085,1114
5086,1114
5087,1114
5088,1114
5089,1114
5090,1114
5091,1114
5092,1114
5093,1114
5094,1114
5095,1114
5096,1114
5097,1114
5098,1114
5099,1114
5100,1114
5101,1114
5102,1114
5103,1114
5104,1114
5105,1114
5106,1114
5107,1114
5108,1114
5109,1114
5110,1114
5111,1114
5112,1114
5113,1114
5114,1114
5115,1114
5116,1114
5117,1114
5118,1114
5119,1114
5120,1114
5121,1114
5122,1114
5123,1114
5124,1114
5125,1114
5126,1114
5127,1114
5128,1114
5129,1114
5130,1114
5131,1114
5132,1114
5133,1114
5134,1114
5135,1114
5136,1114
5137,1114
5138,1114
5139,1114
5140,1114
5141,1114
5142,1114
5143,1114
5144,1114
5145,1114
5146,1114
5147,1114
5148,1114
5149,1114
5150,1114
5151,1114
5152,1114
5153,1114
5154,1114
5155,1114
5156,1114
5157,1114
5158,1114
5159,1114
5160,1114
5161,1114
5162,1114
5163,1114
5164,1114
5165,1114
5166,1114
5167,1114
5168,1114
5169,1114
5170,1114
5171,1114
5172,1114
5173,1114
5174,1114
5175,1114
5176,1114
5177,1114
5178,1114
5179,1114
5180,1114
5181,1114
5182,1114
5183,1114
5184,1114
5185,1114
5186,1114
5187,1114
5188,1114
5189,1114
5190,1114
5191,1114
5192,1114
5193,1114
5194,1114
5195,1114
5196,1114
5197,1114
5198,1114
5199,1114
5200,1114
5201,1114
5202,1114
5203,1114
5204,1114
5205,1114
5206,1114
5207,1114
5208,1114
5209,1114
5210,1114
5211,1114
5212,1114
5213,1114
5214,1114
5215,1114
5216,1114
5217,1114
5218,1114
5219,1114
5220,1114
5221,1114
5222,1114
5223,1114
5224,1114
5225,1114
5226,1114
5227,1114
5228,1114
5229,1114
5230,1114
5231,1114
5232,1114
5233,1114
5234,1114
5235,1114
5236,1114
5237,1114
5238,1114
5239,1114
5240,1114
5241,1114
5242,1114
5243,1114
5244,1114
5245,1114
5246,1114
5247,1114
5248,1114
5249,1114
5250,1114
5251,1114
5252,1114
5253,1114
5254,1114
5255,1114
5256,1114
5257,1114
5258,1114
5259,1114
5260,1114
5261,1114
5262,1114
5263,1114
5264,1114
5265,1114
5266,1114
5267,1114
5268,1114
5269,1114
5270,1114
5271,1114
5272,1114
5273,1114
5274,1114
5275,1114
5276,1114
5277,1114
5278,1114
5279,1114
5280,1114
5281,1114
5282,1114
5283,1114
5284,1114
5285,1114
5286,1114
5287,1114
5288,1114
5289,1114
5290,1114
5291,1114
5292,1114
5293,1114
5294,1114
5295,1114
5296,1114
5297,1114
5298,1114
5299,1114
5300,1114
5301,1114
5302,1114
5303,1114
5304,1114
5305,1114
5306,1114
5307,1114
5308,1114
5309,1114
5310,1114
5311,1114
5312,1114
5313,1114
5314,1114
5315,1114
5316,1114
5317,1114
5318,1114
5319,1114
5320,1114
5321,1114
5322,1114
5323,1114
5324,1114
5325,1114
5326,1114
5327,1114
5328,1114
5329,1114
5330,1114
5331,1114
5332,1114
5333,1114
5334,1114
5335,1114
5336,1114
5337,1114
5338,1114
5339,1114
5340,1114
5341,1114
5342,1114
5343,1114
5344,1114
5345,1114
5346,1114
5347,1114
5348,1114
5349,1114
5350,1114
5351,1114
5352,1114
5353,1114
5354,1114
5355,1114
5356,1114
5357,1114
5358,1114
5359,1114
5360,1114
5361,1114
5362,1114
5363,1114
5364,1114
5365,1114
5366,1114
5367,1114
5368,1114
5369,1114
5370,1114
5371,1114
5372,1114
5373,1114
5374,1114
5375,1114
5376,1114
5377,1114
5378,1114
5379,1114
5380,1114
5381,1114
5382,1114
5383,1114
5384,1114
5385,1114
5386,1114
5387,1114
5388,1114
5389,1114
5390,1114
5391,1114
5392,1114
5393,1114
5394,1114
5395,1114
5396,1114
5397,1114
5398,1114
5399,1114
5400,1114
5401,1114
5402,1114
5403,1114
5404,1114
5405,1114
5406,1114
5407,1114
5408,1114
5409,1114
5410,1114
5411,1114
5412,1114
5413,1114
5414,1114
5415,1114
5416,1114
5417,1114
5418,1114
5419,1114
5420,1114
5421,1114
5422,1114
5423,1114
5424,1114
5425,1114
5426,1114
5427,1114
5428,1114
5429,1114
5430,1114
5431,1114
5432,1114
5433,1114
5434,1114
5435,1114
5436,1114
5437,1114
5438,1114
5439,1114
5440,1114
5441,1114
5442,1114
5443,1114
5444,1114
5445,1114
5446,1114
5447,1114
5448,1114
5449,1114
5450,1114
5451,1114
5452,1114
5453,1114
5454,1114
5455,1114
5456,1114
5457,1114
5458,1114
5459,1114
5460,1114
5461,1114
5462,1114
5463,1114
5464,1114
5465,1114
5466,1114
5467,1114
5468,1114
5469,1114
5470,1114
5471,1114
5472,1114
5473,1114
5474,1114
5475,1114
5476,1114
5477,1114
5478,1114
5479,1114
5480,1114
5481,1114
5482,1114
5483,1114
5484,1114
5485,1114
5486,1114
5487,1114
5488,1114
5489,1114
5490,1114
5491,1114
5492,1114
5493,1114
5494,1114
5495,1114
5496,1114
5497,1114
5498,1114
5499,1114
5500,1114
5501,1114
5502,1114
5503,1114
5504,1114
5505,1114
5506,1114
5507,1114
5508,1114
5509,1114
5510,1114
5511,1114
5512,1114
5513,1114
5514,1114
5515,1114
5516,1114
5517,1114
5518,1114
5519,1114
5520,1114
5521,1114
5522,1114
5523,1114
5524,1114
5525,1114
5526,1114
5527,1114
5528,1114
5529,1114
5530,1114
5531,1114
5532,1114
5533,1114
5534,1114
5535,1114
5536,1114
5537,1114
5538,1114
5539,1114
5540,1114
5541,1114
5542,1114
5543,1114
5544,1114
5545,1114
5546,1114
5547,1114
5548,1114
5549,1114
5550,1114
5551,1114
5552,1114
5553,1114
5554,1114
5555,1114
5556,1114
5557,1114
5558,1114
5559,1114
5560,1114
5561,1114
5562,1114
5563,1114
5564,1114
5565,1114
5566,1114
5567,1114
5568,1114
5569,1114
5570,1114
5571,1114
5572,1114
5573,1114
5574,1114
5575,1114
5576,1114
5577,1114
5578,1114
5579,1114
5580,1114
5581,1114
5582,1114
5583,1114
5584,1114
5585,1114
5586,1114
5587,1114
5588,1114
5589,1114
5590,1114
5591,1114
5592,1114
5593,1114
5594,1114
5595,1114
5596,1114
5597,1114
5598,1114
5599,1114
5600,1114
5601,1114
5602,1114
5603,1114
5604,1114
5605,1114
5606,1114
5607,1114
5608,1114
5609,1114
5610,1114
5611,1114
5612,1114
5613,1114
5614,1114
5615,1114
5616,1114
5617,1114
5618,1114
5619,1114
5620,1114
5621,1114
5622,1114
5623,1114
5624,1114
5625,1114
5626,1114
5627,1114
5628,1114
5629,1114
5630,1114
5631,1114
5632,1114
5633,1114
5634,1114
5635,1114
5636,1114
5637,1114
5638,1114
5639,1114
5640,1114
5641,1114
5642,1114
5643,1114
5644,1114
5645,1114
5646,1114
5647,1114
5648,1114
5649,1114
5650,1114
5651,1114
5652,1114
5653,1114
5654,1114
5655,1114
5656,1114
5657,1114
5658,1114
5659,1114
5660,1114
5661,1114
5662,1114
5663,1114
5664,1114
5665,1114
5666,1114
5667,1114
5668,1114
5669,1114
5670,1114
5671,1114
5672,1114
5673,1114
5674,1114
5675,1114
5676,1114
5677,1114
5678,1114
5679,1114
5680,1114
5681,1114
5682,1114
5683,1114
5684,1114
5685,1114
5686,1114
5687,1114
5688,1114
5689,1114
5690,1114
5691,1114
5692,1114
5693,1114
5694,1114
5695,1114
5696,1114
5697,1114
5698,1114
5699,1114
5700,1114
5701,1114
5702,1114
5703,1114
5704,1114
5705,1114
5706,1114
5707,1114
5708,1114
5709,1114
5710,1114
5711,1114
5712,1114
5713,1114
5714,1114
5715,1114
5716,1114
5717,1114
5718,1114
5719,1114
5720,1114
5721,1114
5722,1114
5723,1114
5724,1114
5725,1114
5726,1114
5727,1114
5728,1114
5729,1114
5730,1114
5731,1114
5732,1114
5733,1114
5734,1114
5735,1114
5736,1114
5737,1114
5738,1114
5739,1114
5740,1114
5741,1114
5742,1114
5743,1114
5744,1114
5745,1114
5746,1114
5747,1114
5748,1114
5749,1114
5750,1114
5751,1114
5752,1114
5753,1114
5754,1114
5755,1114
5756,1114
5757,1114
5758,1114
5759,1114
5760,1114
5761,1114
5762,1114
5763,1114
5764,1114
5765,1114
5766,1114
5767,1114
5768,1114
5769,1114
5770,1114
5771,1114
5772,1114
5773,1114
5774,1114
5775,1114
5776,1114
5777,1114
5778,1114
5779,1114
5780,1114
5781,1114
5782,1114
5783,1114
5784,1114
5785,1114
5786,1114
5787,1114
5788,1114
5789,1114
5790,1114
5791,1114
5792,1114
5793,1114
5794,1114
5795,1114
5796,1114
5797,1114
5798,1114
5799,1114
5800,1114
5801,1114
5802,1114
5803,1114
5804,1114
5805,1114
5806,1114
5807,1114
5808,1114
5809,1114
5810,1114
5811,1114
5812,1114
5813,1114
5814,1114
5815,1114
5816,1114
5817,1114
5818,1114
5819,1114
5820,1114
5821,1114
5822,1114
5823,1114
5824,1114
5825,1114
5826,1114
5827,1114
5828,1114
5829,1114
5830,1114
5831,1114
5832,1114
5833,1114
5834,1114
5835,1114
5836,1114
5837,1114
5838,1114
5839,1114
5840,1114
5841,1114
5842,1114
5843,1114
5844,1114
5845,1114
5846,1114
5847,1114
5848,1114
5849,1114
5850,1114
5851,1114
5852,1114
5853,1114
5854,1114
5855,1114
5856,1114
5857,1114
5858,1114
5859,1114
5860,1114
5861,1114
5862,1114
5863,1114
5864,1114
5865,1114
5866,1114
5867,1114
5868,1114
5869,1114
5870,1114
5871,1114
5872,1114
5873,1114
5874,1114
5875,1114
5876,1114
5877,1114
5878,1114
5879,1114
5880,1114
5881,1114
5882,1114
5883,1114
5884,1114
5885,1114
5886,1114
5887,1114
5888,1114
5889,1114
5890,1114
5891,1114
5892,1114
5893,1114
5894,1114
5895,1114
5896,1114
5897,1114
5898,1114
5899,1114
5900,1114
5901,1114
5902,1114
5903,1114
5904,1114
5905,1114
5906,1114
5907,1114
5908,1114
5909,1114
5910,1114
5911,1114
5912,1114
5913,1114
5914,1114
5915,1114
5916,1114
5917,1114
5918,1114
5919,1114
5920,1114
5921,1114
5922,1114
5923,1114
5924,1114
5925,1114
5926,1114
5927,1114
5928,1114
5929,1114
5930,1114
5931,1114
5932,1114
5933,1114
5934,1114
5935,1114
5936,1114
5937,1114
5938,1114
5939,1114
5940,1114
5941,1114
5942,1114
5943,1114
5944,1114
5945,1114
5946,1114
5947,1114
5948,1114
5949,1114
5950,1114
5951,1114
5952,1114
5953,1114
5954,1114
5955,1114
5956,1114
5957,1114
5958,1114
5959,1114
5960,1114
5961,1114
5962,1114
5963,1114
5964,1114
5965,1114
5966,1114
5967,1114
5968,1114
5969,1114
5970,1114
5971,1114
5972,1114
5973,1114
5974,1114
5975,1114
5976,1114
5977,1114
5978,1114
5979,1114
5980,1114
5981,1114
5982,1114
5983,1114
5984,1114
5985,1114
5986,1114
5987,1114
5988,1114
5989,1114
5990,1114
5991,1114
5992,1114
5993,1114
5994,1114
5995,1114
5996,1114
5997,1114
5998,1114
5999,1114
6000,1114
6001,1114
6002,1114
6003,1114
6004,1114
6005,1114
6006,1114
6007,1114
6008,1114
6009,1114
6010,1114
6011,1114
6012,1114
6013,1114
6014,1114
6015,1114
6016,1114
6017,1114
6018,1114
6019,1114
6020,1114
6021,1114
6022,1114
6023,1114
6024,1114
6025,1114
6026,1114
6027,1114
6028,1114
6029,1114
6030,1114
6031,1114
6032,1114
6033,1114
6034,1114
6035,1114
6036,1114
6037,1114
6038,1114
6039,1114
6040,1114
6041,1114
6042,1114
6043,1114
6044,1114
6045,1114
6046,1114
6047,1114
6048,1114
6049,1114
6050,1114
6051,1114
6052,1114
6053,1114
6054,1114
6055,1114
6056,1114
6057,1114
6058,1114
6059,1114
6060,1114
6061,1114
6062,1114
6063,1114
6064,1114
6065,1114
6066,1114
6067,1114
6068,1114
6069,1114
6070,1114
6071,1114
6072,1114
6073,1114
6074,1114
6075,1114
6076,1114
6077,1114
6078,1114
6079,1114
6080,1114
6081,1114
6082,1114
6083,1114
6084,1114
6085,1114
6086,1114
6087,1114
6088,1114
6089,1114
6090,1114
6091,1114
6092,1114
6093,1114
6094,1114
6095,1114
6096,1114
6097,1114
6098,1114
6099,1114
6100,1114
6101,1114
6102,1114
6103,1114
6104,1114
6105,1114
6106,1114
6107,1114
6108,1114
6109,1114
6110,1114
6111,1114
6112,1114
6113,1114
6114,1114
6115,1114
6116,1114
6117,1114
6118,1114
6119,1114
6120,1114
6121,1114
6122,1114
6123,1114
6124,1114
6125,1114
6126,1114
6127,1114
6128,1114
6129,1114
6130,1114
6131,1114
6132,1114
6133,1114
6134,1114
6135,1114
6136,1114
6137,1114
6138,1114
6139,1114
6140,1114
6141,1114
6142,1114
6143,1114
6144,1114
6145,1114
6146,1114
6147,1114
6148,1114
6149,1114
6150,1114
6151,1114
6152,1114
6153,1114
6154,1114
6155,1114
6156,1114
6157,1114
6158,1114
6159,1114
6160,1114
6161,1114
6162,1114
6163,1114
6164,1114
6165,1114
6166,1114
6167,1114
6168,1114
6169,1114
6170,1114
6171,1114
6172,1114
6173,1114
6174,1114
6175,1114
6176,1114
6177,1114
6178,1114
6179,1114
6180,1114
6181,1114
6182,1114
6183,1114
6184,1114
6185,1114
6186,1114
6187,1114
6188,1114
6189,1114
6190,1114
6191,1114
6192,1114
6193,1114
6194,1114
6195,1114
6196,1114
6197,1114
6198,1114
6199,1114
6200,1114
6201,1114
6202,1114
6203,1114
6204,1114
6205,1114
6206,1114
6207,1114
6208,1114
6209,1114
6210,1114
6211,1114
6212,1114
6213,1114
6214,1114
6215,1114
6216,1114
6217,1114
6218,1114
6219,1114
6220,1114
6221,1114
6222,1114
6223,1114
6224,1114
6225,1114
6226,1114
6227,1114
6228,1114
6229,1114
6230,1114
6231,1114
6232,1114
6233,1114
6234,1114
6235,1114
6236,1114
6237,1114
6238,1114
6239,1114
6240,1114
6241,1114
6242,1114
6243,1114
6244,1114
6245,1114
6246,1114
6247,1114
6248,1114
6249,1114
6250,1114
6251,1114
6252,1114
6253,1114
6254,1114
6255,1114
6256,1114
6257,1114
6258,1114
6259,1114
6260,1114
6261,1114
6262,1114
6263,1114
6264,1114
6265,1114
6266,1114
6267,1114
6268,1114
6269,1114
6270,1114
6271,1114
6272,1114
6273,1114
6274,1114
6275,1114
6276,1114
6277,1114
6278,1114
6279,1114
6280,1114
6281,1114
6282,1114
6283,1114
6284,1114
6285,1114
6286,1114
6287,1114
6288,1114
6289,1114
6290,1114
6291,1114
6292,1114
6293,1114
6294,1114
6295,1114
6296,1114
6297,1114
6298,1114
6299,1114
6300,1114
6301,1114
6302,1114
6303,1114
6304,1114
6305,1114
6306,1114
6307,1114
6308,1114
6309,1114
6310,1114
6311,1114
6312,1114
6313,1114
6314,1114
6315,1114
6316,1114
6317,1114
6318,1114
6319,1114
6320,1114
6321,1114
6322,1114
6323,1114
6324,1114
6325,1114
6326,1114
6327,1114
6328,1114
6329,1114
6330,1114
6331,1114
6332,1114
6333,1114
6334,1114
6335,1114
6336,1114
6337,1114
6338,1114
6339,1114
6340,1114
6341,1114
6342,1114
6343,1114
6344,1114
6345,1114
6346,1114
6347,1114
6348,1114
6349,1114
6350,1114
6351,1114
6352,1114
6353,1114
6354,1114
6355,1114
6356,1114
6357,1114
6358,1114
6359,1114
6360,1114
6361,1114
6362,1114
6363,1114
6364,1114
6365,1114
6366,1114
6367,1114
6368,1114
6369,1114
6370,1114
6371,1114
6372,1114
6373,1114
6374,1114
6375,1114
6376,1114
6377,1114
6378,1114
6379,1114
6380,1114
6381,1114
6382,1114
6383,1114
6384,1114
6385,1114
6386,1114
6387,1114
6388,1114
6389,1114
6390,1114
6391,1114
6392,1114
6393,1114
6394,1114
6395,1114
6396,1114
6397,1114
6398,1114
6399,1114
6400,1114
6401,1114
6402,1114
6403,1114
6404,1114
6405,1114
6406,1114
6407,1114
6408,1114
6409,1114
6410,1114
6411,1114
6412,1114
6413,1114
6414,1114
6415,1114
6416,1114
6417,1114
6418,1114
6419,1114
6420,1114
6421,1114
6422,1114
6423,1114
6424,1114
6425,1114
6426,1114
6427,1114
6428,1114
6429,1114
6430,1114
6431,1114
6432,1114
6433,1114
6434,1114
6435,1114
6436,1114
6437,1114
6438,1114
6439,1114
6440,1114
6441,1114
6442,1114
6443,1114
6444,1114
6445,1114
6446,1114
6447,1114
6448,1114
6449,1114
6450,1114
6451,1114
6452,1114
6453,1114
6454,1114
6455,1114
6456,1114
6457,1114
6458,1114
6459,1114
6460,1114
6461,1114
6462,1114
6463,1114
6464,1114
6465,1114
6466,1114
6467,1114
6468,1114
6469,1114
6470,1114
6471,1114
6472,1114
6473,1114
6474,1114
6475,1114
6476,1114
6477,1114
6478,1114
6479,1114
6480,1114
6481,1114
6482,1114
6483,1114
6484,1114
6485,1114
6486,1114
6487,1114
6488,1114
6489,1114
6490,1114
6491,1114
6492,1114
6493,1114
6494,1114
6495,1114
6496,1114
6497,1114
6498,1114
6499,1114
6500,1114
6501,1114
6502,1114
6503,1114
6504,1114
6505,1114
6506,1114
6507,1114
6508,1114
6509,1114
6510,1114
6511,1114
6512,1114
6513,1114
6514,1114
6515,1114
6516,1114
6517,1114
6518,1114
6519,1114
6520,1114
6521,1114
6522,1114
6523,1114
6524,1114
6525,1114
6526,1114
6527,1114
6528,1114
6529,1114
6530,1114
6531,1114
6532,1114
6533,1114
6534,1114
6535,1114
6536,1114
6537,1114
6538,1114
6539,1114
6540,1114
6541,1114
6542,1114
6543,1114
6544,1114
6545,1114
6546,1114
6547,1114
6548,1114
6549,1114
6550,1114
6551,1114
6552,1114
6553,1114
6554,1114
6555,1114
6556,1114
6557,1114
6558,1114
6559,1114
6560,1114
6561,1114
6562,1114
6563,1114
6564,1114
6565,1114
6566,1114
6567,1114
6568,1114
6569,1114
6570,1114
6571,1114
6572,1114
6573,1114
6574,1114
6575,1114
6576,1114
6577,1114
6578,1114
6579,1114
6580,1114
6581,1114
6582,1114
6583,1114
6584,1114
6585,1114
6586,1114
6587,1114
6588,1114
6589,1114
6590,1114
6591,1114
6592,1114
6593,1114
6594,1114
6595,1114
6596,1114
6597,1114
6598,1114
6599,1114
6600,1114
6601,1114
6602,1114
6603,1114
6604,1114
6605,1114
6606,1114
6607,1114
6608,1114
6609,1114
6610,1114
6611,1114
6612,1114
6613,1114
6614,1114
6615,1114
6616,1114
6617,1114
6618,1114
6619,1114
6620,1114
6621,1114
6622,1114
6623,1114
6624,1114
6625,1114
6626,1114
6627,1114
6628,1114
6629,1114
6630,1114
6631,1114
6632,1114
6633,1114
6634,1114
6635,1114
6636,1114
6637,1114
6638,1114
6639,1114
6640,1114
6641,1114
6642,1114
6643,1114
6644,1114
6645,1114
6646,1114
6647,1114
6648,1114
6649,1114
6650,1114
6651,1114
6652,1114
6653,1114
6654,1114
6655,1114
6656,1114
6657,1114
6658,1114
6659,1114
6660,1114
6661,1114
6662,1114
6663,1114
6664,1114
6665,1114
6666,1114
6667,1114
6668,1114
6669,1114
6670,1114
6671,1114
6672,1114
6673,1114
6674,1114
6675,1114
6676,1114
6677,1114
6678,1114
6679,1114
6680,1114
6681,1114
6682,1114
6683,1114
6684,1114
6685,1114
6686,1114
6687,1114
6688,1114
6689,1114
6690,1114
6691,1114
6692,1114
6693,1114
6694,1114
6695,1114
6696,1114
6697,1114
6698,1114
6699,1114
6700,1114
6701,1114
6702,1114
6703,1114
6704,1114
6705,1114
6706,1114
6707,1114
6708,1114
6709,1114
6710,1114
6711,1114
6712,1114
6713,1114
6714,1114
6715,1114
6716,1114
6717,1114
6718,1114
6719,1114
6720,1114
6721,1114
6722,1114
6723,1114
6724,1114
6725,1114
6726,1114
6727,1114
6728,1114
6729,1114
6730,1114
6731,1114
6732,1114
6733,1114
6734,1114
6735,1114
6736,1114
6737,1114
6738,1114
6739,1114
6740,1114
6741,1114
6742,1114
6743,1114
6744,1114
6745,1114
6746,1114
6747,1114
6748,1114
6749,1114
6750,1114
6751,1114
6752,1114
6753,1114
6754,1114
6755,1114
6756,1114
6757,1114
6758,1114
6759,1114
6760,1114
6761,1114
6762,1114
6763,1114
6764,1114
6765,1114
6766,1114
6767,1114
6768,1114
6769,1114
6770,1114
6771,1114
6772,1114
6773,1114
6774,1114
6775,1114
6776,1114
6777,1114
6778,1114
6779,1114
6780,1114
6781,1114
6782,1114
6783,1114
6784,1114
6785,1114
6786,1114
6787,1114
6788,1114
6789,1114
6790,1114
6791,1114
6792,1114
6793,1114
6794,1114
6795,1114
6796,1114
6797,1114
6798,1114
6799,1114
6800,1114
6801,1114
6802,1114
6803,1114
6804,1114
6805,1114
6806,1114
6807,1114
6808,1114
6809,1114
6810,1114
6811,1114
6812,1114
6813,1114
6814,1114
6815,1114
6816,1114
6817,1114
6818,1114
6819,1114
6820,1114
6821,1114
6822,1114
6823,1114
6824,1114
6825,1114
6826,1114
6827,1114
6828,1114
6829,1114
6830,1114
6831,1114
6832,1114
6833,1114
6834,1114
6835,1114
6836,1114
6837,1114
6838,1114
6839,1114
6840,1114
6841,1114
6842,1114
6843,1114
6844,1114
6845,1114
6846,1114
6847,1114
6848,1114
6849,1114
6850,1114
6851,1114
6852,1114
6853,1114
6854,1114
6855,1114
6856,1114
6857,1114
6858,1114
6859,1114
6860,1114
6861,1114
6862,1114
6863,1114
6864,1114
6865,1114
6866,1114
6867,1114
6868,1114
6869,1114
6870,1114
6871,1114
6872,1114
6873,1114
6874,1114
6875,1114
6876,1114
6877,1114
6878,1114
6879,1114
6880,1114
6881,1114
6882,1114
6883,1114
6884,1114
6885,1114
6886,1114
6887,1114
6888,1114
6889,1114
6890,1114
6891,1114
6892,1114
6893,1114
6894,1114
6895,1114
6896,1114
6897,1114
6898,1114
6899,1114
6900,1114
6901,1114
6902,1114
6903,1114
6904,1114
6905,1114
6906,1114
6907,1114
6908,1114
6909,1114
6910,1114
6911,1114
6912,1114
6913,1114
6914,1114
6915,1114
6916,1114
6917,1114
6918,1114
6919,1114
6920,1114
6921,1114
6922,1114
6923,1114
6924,1114
6925,1114
6926,1114
6927,1114
6928,1114
6929,1114
6930,1114
6931,1114
6932,1114
6933,1114
6934,1114
6935,1114
6936,1114
6937,1114
6938,1114
6939,1114
6940,1114
6941,1114
6942,1114
6943,1114
6944,1114
6945,1114
6946,1114
6947,1114
6948,1114
6949,1114
6950,1114
6951,1114
6952,1114
6953,1114
6954,1114
6955,1114
6956,1114
6957,1114
6958,1114
6959,1114
6960,1114
6961,1114
6962,1114
6963,1114
6964,1114
6965,1114
6966,1114
6967,1114
6968,1114
6969,1114
6970,1114
6971,1114
6972,1114
6973,1114
6974,1114
6975,1114
6976,1114
6977,1114
6978,1114
6979,1114
6980,1114
6981,1114
6982,1114
6983,1114
6984,1114
6985,1114
6986,1114
6987,1114
6988,1114
6989,1114
6990,1114
6991,1114
6992,1114
6993,1114
6994,1114
6995,1114
6996,1114
6997,1114
6998,1114
6999,1114
7000,1114
7001,1114
7002,1114
7003,1114
7004,1114
7005,1114
7006,1114
7007,1114
7008,1114
7009,1114
7010,1114
7011,1114
7012,1114
7013,1114
7014,1114
7015,1114
7016,1114
7017,1114
7018,1114
7019,1114
7020,1114
7021,1114
7022,1114
7023,1114
7024,1114
7025,1114
7026,1114
7027,1114
7028,1114
7029,1114
7030,1114
7031,1114
7032,1114
7033,1114
7034,1114
7035,1114
7036,1114
7037,1114
7038,1114
7039,1114
7040,1114
7041,1114
7042,1114
7043,1114
7044,1114
7045,1114
7046,1114
7047,1114
7048,1114
7049,1114
7050,1114
7051,1114
7052,1114
7053,1114
7054,1114
7055,1114
7056,1114
7057,1114
7058,1114
7059,1114
7060,1114
7061,1114
7062,1114
7063,1114
7064,1114
7065,1114
7066,1114
7067,1114
7068,1114
7069,1114
7070,1114
7071,1114
7072,1114
7073,1114
7074,1114
7075,1114
7076,1114
7077,1114
7078,1114
7079,1114
7080,1114
7081,1114
7082,1114
7083,1114
7084,1114
7085,1114
7086,1114
7087,1114
7088,1114
7089,1114
7090,1114
7091,1114
7092,1114
7093,1114
7094,1114
7095,1114
7096,1114
7097,1114
7098,1114
7099,1114
7100,1114
7101,1114
7102,1114
7103,1114
7104,1114
7105,1114
7106,1114
7107,1114
7108,1114
7109,1114
7110,1114
7111,1114
7112,1114
7113,1114
7114,1114
7115,1114
7116,1114
7117,1114
7118,1114
7119,1114
7120,1114
7121,1114
7122,1114
7123,1114
7124,1114
7125,1114
7126,1114
7127,1114
7128,1114
7129,1114
7130,1114
7131,1114
7132,1114
7133,1114
7134,1114
7135,1114
7136,1114
7137,1114
7138,1114
7139,1114
7140,1114
7141,1114
7142,1114
7143,1114
7144,1114
7145,1114
7146,1114
7147,1114
7148,1114
7149,1114
7150,1114
7151,1114
7152,1114
7153,1114
7154,1114
7155,1114
7156,1114
7157,1114
7158,1114
7159,1114
7160,1114
7161,1114
7162,1114
7163,1114
7164,1114
7165,1114
7166,1114
7167,1114
7168,1114
7169,1114
7170,1114
7171,1114
7172,1114
7173,1114
7174,1114
7175,1114
7176,1114
7177,1114
7178,1114
7179,1114
7180,1114
7181,1114
7182,1114
7183,1114
7184,1114
7185,1114
7186,1114
7187,1114
7188,1114
7189,1114
7190,1114
7191,1114
7192,1114
7193,1114
7194,1114
7195,1114
7196,1114
7197,1114
7198,1114
7199,1114
7200,1114
7201,1114
7202,1114
7203,1114
7204,1114
7205,1114
7206,1114
7207,1114
7208,1114
7209,1114
7210,1114
7211,1114
7212,1114
7213,1114
7214,1114
7215,1114
7216,1114
7217,1114
7218,1114
7219,1114
7220,1114
7221,1114
7222,1114
7223,1114
7224,1114
7225,1114
7226,1114
7227,1114
7228,1114
7229,1114
7230,1114
7231,1114
7232,1114
7233,1114
7234,1114
7235,1114
7236,1114
7237,1114
7238,1114
7239,1114
7240,1114
7241,1114
7242,1114
7243,1114
7244,1114
7245,1114
7246,1114
7247,1114
7248,1114
7249,1114
7250,1114
7251,1114
7252,1114
7253,1114
7254,1114
7255,1114
7256,1114
7257,1114
7258,1114
7259,1114
7260,1114
7261,1114
7262,1114
7263,1114
7264,1114
7265,1114
7266,1114
7267,1114
7268,1114
7269,1114
7270,1114
7271,1114
7272,1114
7273,1114
7274,1114
7275,1114
7276,1114
7277,1114
7278,1114
7279,1114
7280,1114
7281,1114
7282,1114
7283,1114
7284,1114
7285,1114
7286,1114
7287,1114
7288,1114
7289,1114
7290,1114
7291,1114
7292,1114
7293,1114
7294,1114
7295,1114
7296,1114
7297,1114
7298,1114
7299,1114
7300,1114
7301,1114
7302,1114
7303,1114
7304,1114
7305,1114
7306,1114
7307,1114
7308,1114
7309,1114
7310,1114
7311,1114
7312,1114
7313,1114
7314,1114
7315,1114
7316,1114
7317,1114
7318,1114
7319,1114
7320,1114
7321,1114
7322,1114
7323,1114
7324,1114
7325,1114
7326,1114
7327,1114
7328,1114
7329,1114
7330,1114
7331,1114
7332,1114
7333,1114
7334,1114
7335,1114
7336,1114
7337,1114
7338,1114
7339,1114
7340,1114
7341,1114
7342,1114
7343,1114
7344,1114
7345,1114
7346,1114
7347,1114
7348,1114
7349,1114
7350,1114
7351,1114
7352,1114
7353,1114
7354,1114
7355,1114
7356,1114
7357,1114
7358,1114
7359,1114
7360,1114
7361,1114
7362,1114
7363,1114
7364,1114
7365,1114
7366,1114
7367,1114
7368,1114
7369,1114
7370,1114
7371,1114
7372,1114
7373,1114
7374,1114
7375,1114
7376,1114
7377,1114
7378,1114
7379,1114
7380,1114
7381,1114
7382,1114
7383,1114
7384,1114
7385,1114
7386,1114
7387,1114
7388,1114
7389,1114
7390,1114
7391,1114
7392,1114
7393,1114
7394,1114
7395,1114
7396,1114
7397,1114
7398,1114
7399,1114
7400,1114
7401,1114
7402,1114
7403,1114
7404,1114
7405,1114
7406,1114
7407,1114
7408,1114
7409,1114
7410,1114
7411,1114
7412,1114
7413,1114
7414,1114
7415,1114
7416,1114
7417,1114
7418,1114
7419,1114
7420,1114
7421,1114
7422,1114
7423,1114
7424,1114
7425,1114
7426,1114
7427,1114
7428,1114
7429,1114
7430,1114
7431,1114
7432,1114
7433,1114
7434,1114
7435,1114
7436,1114
7437,1114
7438,1114
7439,1114
7440,1114
7441,1114
7442,1114
7443,1114
7444,1114
7445,1114
7446,1114
7447,1114
7448,1114
7449,1114
7450,1114
7451,1114
7452,1114
7453,1114
7454,1114
7455,1114
7456,1114
7457,1114
7458,1114
7459,1114
7460,1114
7461,1114
7462,1114
7463,1114
7464,1114
7465,1114
7466,1114
7467,1114
7468,1114
7469,1114
7470,1114
7471,1114
7472,1114
7473,1114
7474,1114
7475,1114
7476,1114
7477,1114
7478,1114
7479,1114
7480,1114
7481,1114
7482,1114
7483,1114
7484,1114
7485,1114
7486,1114
7487,1114
7488,1114
7489,1114
7490,1114
7491,1114
7492,1114
7493,1114
7494,1114
7495,1114
7496,1114
7497,1114
7498,1114
7499,1114
7500,1114
7501,1114
7502,1114
7503,1114
7504,1114
7505,1114
7506,1114
7507,1114
7508,1114
7509,1114
7510,1114
7511,1114
7512,1114
7513,1114
7514,1114
7515,1114
7516,1114
7517,1114
7518,1114
7519,1114
7520,1114
7521,1114
7522,1114
7523,1114
7524,1114
7525,1114
7526,1114
7527,1114
7528,1114
7529,1114
7530,1114
7531,1114
7532,1114
7533,1114
7534,1114
7535,1114
7536,1114
7537,1114
7538,1114
7539,1114
7540,1114
7541,1114
7542,1114
7543,1114
7544,1114
7545,1114
7546,1114
7547,1114
7548,1114
7549,1114
7550,1114
7551,1114
7552,1114
7553,1114
7554,1114
7555,1114
7556,1114
7557,1114
7558,1114
7559,1114
7560,1114
7561,1114
7562,1114
7563,1114
7564,1114
7565,1114
7566,1114
7567,1114
7568,1114
7569,1114
7570,1114
7571,1114
7572,1114
7573,1114
7574,1114
7575,1114
7576,1114
7577,1114
7578,1114
7579,1114
7580,1114
7581,1114
7582,1114
7583,1114
7584,1114
7585,1114
7586,1114
7587,1114
7588,1114
7589,1114
7590,1114
7591,1114
7592,1114
7593,1114
7594,1114
7595,1114
7596,1114
7597,1114
7598,1114
7599,1114
7600,1114
7601,1114
7602,1114
7603,1114
7604,1114
7605,1114
7606,1114
7607,1114
7608,1114
7609,1114
7610,1114
7611,1114
7612,1114
7613,1114
7614,1114
7615,1114
7616,1114
7617,1114
7618,1114
7619,1114
7620,1114
7621,1114
7622,1114
7623,1114
7624,1114
7625,1114
7626,1114
7627,1114
7628,1114
7629,1114
7630,1114
7631,1114
7632,1114
7633,1114
7634,1114
7635,1114
7636,1114
7637,1114
7638,1114
7639,1114
7640,1114
7641,1114
7642,1114
7643,1114
7644,1114
7645,1114
7646,1114
7647,1114
7648,1114
7649,1114
7650,1114
7651,1114
7652,1114
7653,1114
7654,1114
7655,1114
7656,1114
7657,1114
7658,1114
7659,1114
7660,1114
7661,1114
7662,1114
7663,1114
7664,1114
7665,1114
7666,1114
7667,1114
7668,1114
7669,1114
7670,1114
7671,1114
7672,1114
7673,1114
7674,1114
7675,1114
7676,1114
7677,1114
7678,1114
7679,1114
7680,1114
7681,1114
7682,1114
7683,1114
7684,1114
7685,1114
7686,1114
7687,1114
7688,1114
7689,1114
7690,1114
7691,1114
7692,1114
7693,1114
7694,1114
7695,1114
7696,1114
7697,1114
7698,1114
7699,1114
7700,1114
7701,1114
7702,1114
7703,1114
7704,1114
7705,1114
7706,1114
7707,1114
7708,1114
7709,1114
7710,1114
7711,1114
7712,1114
7713,1114
7714,1114
7715,1114
7716,1114
7717,1114
7718,1114
7719,1114
7720,1114
7721,1114
7722,1114
7723,1114
7724,1114
7725,1114
7726,1114
7727,1114
7728,1114
7729,1114
7730,1114
7731,1114
7732,1114
7733,1114
7734,1114
7735,1114
7736,1114
7737,1114
7738,1114
7739,1114
7740,1114
7741,1114
7742,1114
7743,1114
7744,1114
7745,1114
7746,1114
7747,1114
7748,1114
7749,1114
7750,1114
7751,1114
7752,1114
7753,1114
7754,1114
7755,1114
7756,1114
7757,1114
7758,1114
7759,1114
7760,1114
7761,1114
7762,1114
7763,1114
7764,1114
7765,1114
7766,1114
7767,1114
7768,1114
7769,1114
7770,1114
7771,1114
7772,1114
7773,1114
7774,1114
7775,1114
7776,1114
7777,1114
7778,1114
7779,1114
7780,1114
7781,1114
7782,1114
7783,1114
7784,1114
7785,1114
7786,1114
7787,1114
7788,1114
7789,1114
7790,1114
7791,1114
7792,1114
7793,1114
7794,1114
7795,1114
7796,1114
7797,1114
7798,1114
7799,1114
7800,1114
7801,1114
7802,1114
7803,1114
7804,1114
7805,1114
7806,1114
7807,1114
7808,1114
7809,1114
7810,1114
7811,1114
7812,1114
7813,1114
7814,1114
7815,1114
7816,1114
7817,1114
7818,1114
7819,1114
7820,1114
7821,1114
7822,1114
7823,1114
7824,1114
7825,1114
7826,1114
7827,1114
7828,1114
7829,1114
7830,1114
7831,1114
7832,1114
7833,1114
7834,1114
7835,1114
7836,1114
7837,1114
7838,1114
7839,1114
7840,1114
7841,1114
7842,1114
7843,1114
7844,1114
7845,1114
7846,1114
7847,1114
7848,1114
7849,1114
7850,1114
7851,1114
7852,1114
7853,1114
7854,1114
7855,1114
7856,1114
7857,1114
7858,1114
7859,1114
7860,1114
7861,1114
7862,1114
7863,1114
7864,1114
7865,1114
7866,1114
7867,1114
7868,1114
7869,1114
7870,1114
7871,1114
7872,1114
7873,1114
7874,1114
7875,1114
7876,1114
7877,1114
7878,1114
7879,1114
7880,1114
7881,1114
7882,1114
7883,1114
7884,1114
7885,1114
7886,1114
7887,1114
7888,1114
7889,1114
7890,1114
7891,1114
7892,1114
7893,1114
7894,1114
7895,1114
7896,1114
7897,1114
7898,1114
7899,1114
7900,1114
7901,1114
7902,1114
7903,1114
7904,1114
7905,1114
7906,1114
7907,1114
7908,1114
7909,1114
7910,1114
7911,1114
7912,1114
7913,1114
7914,1114
7915,1114
7916,1114
7917,1114
7918,1114
7919,1114
7920,1114
7921,1114
7922,1114
7923,1114
7924,1114
7925,1114
7926,1114
7927,1114
7928,1114
7929,1114
7930,1114
7931,1114
7932,1114
7933,1114
7934,1114
7935,1114
7936,1114
7937,1114
7938,1114
7939,1114
7940,1114
7941,1114
7942,1114
7943,1114
7944,1114
7945,1114
7946,1114
7947,1114
7948,1114
7949,1114
7950,1114
7951,1114
7952,1114
7953,1114
7954,1114
7955,1114
7956,1114
7957,1114
7958,1114
7959,1114
7960,1114
7961,1114
7962,1114
7963,1114
7964,1114
7965,1114
7966,1114
7967,1114
7968,1114
7969,1114
7970,1114
7971,1114
7972,1114
7973,1114
7974,1114
7975,1114
7976,1114
7977,1114
7978,1114
7979,1114
7980,1114
7981,1114
7982,1114
7983,1114
7984,1114
7985,1114
7986,1114
7987,1114
7988,1114
7989,1114
7990,1114
7991,1114
7992,1114
7993,1114
7994,1114
7995,1114
7996,1114
7997,1114
7998,1114
7999,1114
8000,1114
8001,1114
8002,1114
8003,1114
8004,1114
8005,1114
8006,1114
8007,1114
8008,1114
8009,1114
8010,1114
8011,1114
8012,1114
8013,1114
8014,1114
8015,1114
8016,1114
8017,1114
8018,1114
8019,1114
8020,1114
8021,1114
8022,1114
8023,1114
8024,1114
8025,1114
8026,1114
8027,1114
8028,1114
8029,1114
8030,1114
8031,1114
8032,1114
8033,1114
8034,1114
8035,1114
8036,1114
8037,1114
8038,1114
8039,1114
8040,1114
8041,1114
8042,1114
8043,1114
8044,1114
8045,1114
8046,1114
8047,1114
8048,1114
8049,1114
8050,1114
8051,1114
8052,1114
8053,1114
8054,1114
8055,1114
8056,1114
8057,1114
8058,1114
8059,1114
8060,1114
8061,1114
8062,1114
8063,1114
8064,1114
8065,1114
8066,1114
8067,1114
8068,1114
8069,1114
8070,1114
8071,1114
8072,1114
8073,1114
8074,1114
8075,1114
8076,1114
8077,1114
8078,1114
8079,1114
8080,1114
8081,1114
8082,1114
8083,1114
8084,1114
8085,1114
8086,1114
8087,1114
8088,1114
8089,1114
8090,1114
8091,1114
8092,1114
8093,1114
8094,1114
8095,1114
8096,1114
8097,1114
8098,1114
8099,1114
8100,1114
8101,1114
8102,1114
8103,1114
8104,1114
8105,1114
8106,1114
8107,1114
8108,1114
8109,1114
8110,1114
8111,1114
8112,1114
8113,1114
8114,1114
8115,1114
8116,1114
8117,1114
8118,1114
8119,1114
8120,1114
8121,1114
8122,1114
8123,1114
8124,1114
8125,1114
8126,1114
8127,1114
8128,1114
8129,1114
8130,1114
8131,1114
8132,1114
8133,1114
8134,1114
8135,1114
8136,1114
8137,1114
8138,1114
8139,1114
8140,1114
8141,1114
8142,1114
8143,1114
8144,1114
8145,1114
8146,1114
8147,1114
8148,1114
8149,1114
8150,1114
8151,1114
8152,1114
8153,1114
8154,1114
8155,1114
8156,1114
8157,1114
8158,1114
8159,1114
8160,1114
8161,1114
8162,1114
8163,1114
8164,1114
8165,1114
8166,1114
8167,1114
8168,1114
8169,1114
8170,1114
8171,1114
8172,1114
8173,1114
8174,1114
8175,1114
8176,1114
8177,1114
8178,1114
8179,1114
8180,1114
8181,1114
8182,1114
8183,1114
8184,1114
8185,1114
8186,1114
8187,1114
8188,1114
8189,1114
8190,1114
8191,1114
8192,1114
8193,1114
8194,1114
8195,1114
8196,1114
8197,1114
8198,1114
8199,1114
8200,1114
8201,1114
8202,1114
8203,1114
8204,1114
8205,1114
8206,1114
8207,1114
8208,1114
8209,1114
8210,1114
8211,1114
8212,1114
8213,1114
8214,1114
8215,1114
8216,1114
8217,1114
8218,1114
8219,1114
8220,1114
8221,1114
8222,1114
8223,1114
8224,1114
8225,1114
8226,1114
8227,1114
8228,1114
8229,1114
8230,1114
8231,1114
8232,1114
8233,1114
8234,1114
8235,1114
8236,1114
8237,1114
8238,1114
8239,1114
8240,1114
8241,1114
8242,1114
8243,1114
8244,1114
8245,1114
8246,1114
8247,1114
8248,1114
8249,1114
8250,1114
8251,1114
8252,1114
8253,1114
8254,1114
8255,1114
8256,1114
8257,1114
8258,1114
8259,1114
8260,1114
8261,1114
8262,1114
8263,1114
8264,1114
8265,1114
8266,1114
8267,1114
8268,1114
8269,1114
8270,1114
8271,1114
8272,1114
8273,1114
8274,1114
8275,1114
8276,1114
8277,1114
8278,1114
8279,1114
8280,1114
8281,1114
8282,1114
8283,1114
8284,1114
8285,1114
8286,1114
8287,1114
8288,1114
8289,1114
8290,1114
8291,1114
8292,1114
8293,1114
8294,1114
8295,1114
8296,1114
8297,1114
8298,1114
8299,1114
8300,1114
8301,1114
8302,1114
8303,1114
8304,1114
8305,1114
8306,1114
8307,1114
8308,1114
8309,1114
8310,1114
8311,1114
8312,1114
8313,1114
8314,1114
8315,1114
8316,1114
8317,1114
8318,1114
8319,1114
8320,1114
8321,1114
8322,1114
8323,1114
8324,1114
8325,1114
8326,1114
8327,1114
8328,1114
8329,1114
8330,1114
8331,1114
8332,1114
8333,1114
8334,1114
8335,1114
8336,1114
8337,1114
8338,1114
8339,1114
8340,1114
8341,1114
8342,1114
8343,1114
8344,1114
8345,1114
8346,1114
8347,1114
8348,1114
8349,1114
8350,1114
8351,1114
8352,1114
8353,1114
8354,1114
8355,1114
8356,1114
8357,1114
8358,1114
8359,1114
8360,1114
8361,1114
8362,1114
8363,1114
8364,1114
8365,1114
8366,1114
8367,1114
8368,1114
8369,1114
8370,1114
8371,1114
8372,1114
8373,1114
8374,1114
8375,1114
8376,1114
8377,1114
8378,1114
8379,1114
8380,1114
8381,1114
8382,1114
8383,1114
8384,1114
8385,1114
8386,1114
8387,1114
8388,1114
8389,1114
8390,1114
8391,1114
8392,1114
8393,1114
8394,1114
8395,1114
8396,1114
8397,1114
8398,1114
8399,1114
8400,1114
8401,1114
8402,1114
8403,1114
8404,1114
8405,1114
8406,1114
8407,1114
8408,1114
8409,1114
8410,1114
8411,1114
8412,1114
8413,1114
8414,1114
8415,1114
8416,1114
8417,1114
8418,1114
8419,1114
8420,1114
8421,1114
8422,1114
8423,1114
8424,1114
8425,1114
8426,1114
8427,1114
8428,1114
8429,1114
8430,1114
8431,1114
8432,1114
8433,1114
8434,1114
8435,1114
8436,1114
8437,1114
8438,1114
8439,1114
8440,1114
8441,1114
8442,1114
8443,1114
8444,1114
8445,1114
8446,1114
8447,1114
8448,1114
8449,1114
8450,1114
8451,1114
8452,1114
8453,1114
8454,1114
8455,1114
8456,1114
8457,1114
8458,1114
8459,1114
8460,1114
8461,1114
8462,1114
8463,1114
8464,1114
8465,1114
8466,1114
8467,1114
8468,1114
8469,1114
8470,1114
8471,1114
8472,1114
8473,1114
8474,1114
8475,1114
8476,1114
8477,1114
8478,1114
8479,1114
8480,1114
8481,1114
8482,1114
8483,1114
8484,1114
8485,1114
8486,1114
8487,1114
8488,1114
8489,1114
8490,1114
8491,1114
8492,1114
8493,1114
8494,1114
8495,1114
8496,1114
8497,1114
8498,1114
8499,1114
8500,1114
8501,1114
8502,1114
8503,1114
8504,1114
8505,1114
8506,1114
8507,1114
8508,1114
8509,1114
8510,1114
8511,1114
8512,1114
8513,1114
8514,1114
8515,1114
8516,1114
8517,1114
8518,1114
8519,1114
8520,1114
8521,1114
8522,1114
8523,1114
8524,1114
8525,1114
8526,1114
8527,1114
8528,1114
8529,1114
8530,1114
8531,1114
8532,1114
8533,1114
8534,1114
8535,1114
8536,1114
8537,1114
8538,1114
8539,1114
8540,1114
8541,1114
8542,1114
8543,1114
8544,1114
8545,1114
8546,1114
8547,1114
8548,1114
8549,1114
8550,1114
8551,1114
8552,1114
8553,1114
8554,1114
8555,1114
8556,1114
8557,1114
8558,1114
8559,1114
8560,1114
8561,1114
8562,1114
8563,1114
8564,1114
8565,1114
8566,1114
8567,1114
8568,1114
8569,1114
8570,1114
8571,1114
8572,1114
8573,1114
8574,1114
8575,1114
8576,1114
8577,1114
8578,1114
8579,1114
8580,1114
8581,1114
8582,1114
8583,1114
8584,1114
8585,1114
8586,1114
8587,1114
8588,1114
8589,1114
8590,1114
8591,1114
8592,1114
8593,1114
8594,1114
8595,1114
8596,1114
8597,1114
8598,1114
8599,1114
8600,1114
8601,1114
8602,1114
8603,1114
8604,1114
8605,1114
8606,1114
8607,1114
8608,1114
8609,1114
8610,1114
8611,1114
8612,1114
8613,1114
8614,1114
8615,1114
8616,1114
8617,1114
8618,1114
8619,1114
8620,1114
8621,1114
8622,1114
8623,1114
8624,1114
8625,1114
8626,1114
8627,1114
8628,1114
8629,1114
8630,1114
8631,1114
8632,1114
8633,1114
8634,1114
8635,1114
8636,1114
8637,1114
8638,1114
8639,1114
8640,1114
8641,1114
8642,1114
8643,1114
8644,1114
8645,1114
8646,1114
8647,1114
8648,1114
8649,1114
8650,1114
8651,1114
8652,1114
8653,1114
8654,1114
8655,1114
8656,1114
8657,1114
8658,1114
8659,1114
8660,1114
8661,1114
8662,1114
8663,1114
8664,1114
8665,1114
8666,1114
8667,1114
8668,1114
8669,1114
8670,1114
8671,1114
8672,1114
8673,1114
8674,1114
8675,1114
8676,1114
8677,1114
8678,1114
8679,1114
8680,1114
8681,1114
8682,1114
8683,1114
8684,1114
8685,1114
8686,1114
8687,1114
8688,1114
8689,1114
8690,1114
8691,1114
8692,1114
8693,1114
8694,1114
8695,1114
8696,1114
8697,1114
8698,1114
8699,1114
8700,1114
8701,1114
8702,1114
8703,1114
8704,1114
8705,1114
8706,1114
8707,1114
8708,1114
8709,1114
8710,1114
8711,1114
8712,1114
8713,1114
8714,1114
8715,1114
8716,1114
8717,1114
8718,1114
8719,1114
8720,1114
8721,1114
8722,1114
8723,1114
8724,1114
8725,1114
8726,1114
8727,1114
8728,1114
8729,1114
8730,1114
8731,1114
8732,1114
8733,1114
8734,1114
8735,1114
8736,1114
8737,1114
8738,1114
8739,1114
8740,1114
8741,1114
8742,1114
8743,1114
8744,1114
8745,1114
8746,1114
8747,1114
8748,1114
8749,1114
