tiempo=0
0 0 0 1 0 1 0 1 1 1 0 0 1 0 1 0 0 0 1 0 1 1 1 1 1 0 1 1 0 1 1 0 0 1 1 1 1 1 1 1 1 1 1 1 1 1 0 0 0 1 
0 1 1 1 0 0 0 1 1 0 0 0 0 1 1 1 0 0 1 1 1 0 0 1 0 0 1 0 1 0 0 1 1 0 1 1 0 0 1 1 1 1 1 0 1 1 1 0 0 1 
1 1 1 0 0 0 1 1 0 0 1 1 0 1 0 0 0 1 1 0 1 0 1 0 1 1 0 0 1 1 1 0 0 1 1 0 1 1 1 1 1 1 0 0 1 0 1 1 1 1 
0 0 1 0 0 1 0 0 1 1 1 0 1 1 1 0 1 0 1 0 1 0 0 1 1 1 1 0 1 0 1 1 1 1 1 1 1 1 1 0 0 0 1 0 1 1 1 1 0 1 
1 0 0 0 0 0 1 0 0 1 0 1 0 1 1 1 0 0 1 1 1 0 0 1 0 1 0 0 1 0 1 0 0 0 0 1 0 0 1 1 1 0 0 1 0 0 1 1 1 0 
1 1 0 1 1 0 0 0 1 1 1 1 1 0 0 1 0 1 0 0 0 0 1 0 0 0 1 0 0 1 0 1 1 0 0 0 1 1 0 0 1 1 1 1 1 0 1 1 1 1 
0 1 1 0 0 0 0 1 0 1 1 0 0 0 0 1 0 0 1 1 1 1 0 1 1 0 1 1 1 1 0 1 0 1 0 1 0 0 1 1 1 0 1 0 1 0 0 1 1 0 
1 1 1 1 0 1 0 0 1 0 1 1 0 0 1 1 1 0 0 1 0 0 1 0 0 0 1 0 0 1 1 0 0 0 0 0 0 1 0 1 1 0 1 1 0 1 0 0 0 0 
0 1 1 0 1 1 0 1 1 1 0 0 1 1 0 1 1 1 1 0 1 0 0 0 1 1 0 0 1 1 1 1 1 1 1 0 1 0 0 0 1 1 0 1 0 0 0 1 1 0 
1 0 0 1 1 0 1 0 0 1 0 0 1 0 0 1 0 1 0 0 1 1 1 0 1 0 0 0 1 0 0 0 1 1 0 1 0 0 0 0 1 0 1 0 0 0 1 0 0 0 
0 1 1 1 0 0 0 1 0 1 1 0 0 0 0 0 0 1 1 0 1 1 0 1 1 0 0 1 1 0 0 0 1 1 0 1 1 1 0 0 0 0 0 0 0 1 1 0 1 1 
1 0 0 1 1 0 1 1 1 1 1 0 0 1 1 1 1 0 1 1 1 1 1 1 0 0 0 0 0 1 0 1 0 1 0 1 0 1 0 1 0 1 1 1 0 1 1 0 1 1 
0 1 1 1 1 1 1 0 1 1 1 0 0 0 1 0 0 0 0 1 1 1 0 1 1 1 1 1 1 1 1 1 0 0 0 1 1 1 0 1 0 1 1 0 1 0 1 0 0 0 
0 1 0 0 0 1 1 1 1 0 1 1 0 0 1 0 1 0 0 0 1 0 0 1 1 0 0 1 0 0 1 1 1 0 0 0 0 1 1 0 0 0 1 1 1 1 1 0 0 0 
0 0 1 0 0 1 1 0 0 1 0 1 1 1 0 1 1 0 0 0 1 0 1 1 0 1 1 0 1 0 0 0 1 0 0 0 1 0 0 0 0 1 0 1 1 1 0 0 0 1 
0 1 1 0 1 1 0 0 1 0 1 1 0 1 0 0 0 1 1 0 1 0 0 0 0 1 0 0 0 0 0 0 1 1 1 1 0 1 1 0 1 1 0 0 1 0 0 1 0 0 
0 1 1 0 1 1 1 1 0 0 0 0 0 0 0 0 0 1 1 0 1 1 1 1 0 1 0 0 0 0 0 1 1 1 1 0 1 1 1 1 0 0 0 1 1 0 1 0 1 1 
1 0 1 0 1 0 1 0 1 1 0 0 1 1 0 1 1 0 1 0 1 0 0 1 1 1 1 0 1 0 0 1 0 0 0 1 1 0 1 0 1 1 0 1 1 1 0 1 0 0 
1 1 1 0 1 1 1 1 1 0 1 0 1 1 1 1 1 0 0 1 1 1 0 0 1 0 0 1 1 0 0 0 1 0 0 1 0 1 0 1 1 1 1 0 0 0 0 1 1 1 
1 1 1 1 0 0 1 0 1 0 1 1 0 1 0 0 1 1 0 0 1 1 1 1 1 1 1 1 1 1 0 1 1 0 1 1 1 0 0 1 1 1 1 0 0 1 0 1 0 0 
0 1 0 1 0 1 0 0 1 1 0 0 0 1 1 1 0 1 1 0 1 0 1 1 0 0 0 1 1 1 0 0 1 1 0 0 0 0 1 0 0 1 0 0 0 0 0 1 0 1 
1 0 0 1 0 1 0 1 1 1 1 0 1 1 0 1 0 1 1 1 0 0 0 1 1 1 0 1 0 0 1 0 0 1 0 1 0 1 0 1 0 0 1 1 0 1 0 1 0 0 
1 1 1 1 0 0 0 1 0 1 0 0 0 0 0 1 1 1 1 1 0 1 0 1 1 1 1 1 0 0 1 0 1 1 0 1 0 1 0 1 0 0 0 1 1 1 1 0 1 1 
1 0 1 1 1 0 0 0 0 0 0 0 0 0 0 0 0 0 1 1 0 0 1 1 0 0 1 0 1 1 1 0 1 1 0 1 1 1 0 0 0 1 1 1 0 0 1 1 0 1 
1 1 1 0 0 1 1 1 1 1 0 0 0 0 0 0 1 1 1 1 0 1 0 0 0 1 1 0 1 1 0 1 0 1 0 0 0 1 1 1 1 1 1 0 1 0 0 0 0 0 
1 0 1 1 0 0 1 1 1 1 0 0 0 1 1 0 0 1 1 1 0 1 0 0 1 1 0 1 1 1 0 1 1 0 1 1 0 1 0 0 1 1 1 1 0 1 0 1 0 0 
1 0 0 1 1 0 0 1 1 0 1 0 1 1 0 1 1 0 0 0 1 0 1 0 1 1 1 1 0 0 0 1 1 0 1 1 0 0 0 0 1 0 0 1 0 0 1 1 1 1 
0 1 0 0 1 1 1 0 1 1 0 0 0 0 0 0 1 0 1 1 0 0 1 1 1 0 0 1 0 0 1 1 0 0 1 0 0 0 0 1 1 1 1 0 0 1 0 0 1 1 
1 0 1 0 1 0 0 1 0 0 0 1 1 0 1 0 0 1 1 1 0 0 1 0 0 0 1 1 0 0 1 1 0 1 0 0 0 1 0 1 0 0 0 0 1 0 1 0 1 0 
0 0 0 0 1 1 1 1 0 0 1 1 0 0 0 1 1 1 0 1 1 1 0 0 1 1 0 0 1 0 1 1 1 1 1 0 0 1 0 1 0 0 1 1 1 1 0 1 1 1 
0 0 0 0 0 1 0 0 1 0 1 1 0 1 0 1 1 0 1 0 1 0 1 1 1 0 0 1 0 0 1 0 0 1 1 1 0 0 0 1 0 1 0 0 1 0 1 0 1 1 
1 0 1 1 1 0 0 1 0 0 1 0 0 1 0 0 0 1 1 0 1 0 0 1 1 0 0 0 0 1 0 0 0 0 1 0 1 0 0 1 0 1 1 1 0 1 0 0 0 0 
0 1 0 1 0 1 1 0 1 1 0 1 1 1 1 1 0 0 1 0 0 1 1 1 0 1 1 0 1 1 1 0 1 0 0 1 0 1 1 1 0 0 0 1 1 1 0 0 0 0 
1 1 1 0 0 1 1 1 0 0 1 0 0 1 0 1 0 1 1 0 1 0 1 1 1 1 0 1 0 1 0 1 1 1 0 1 0 1 1 0 1 1 0 1 1 0 1 1 1 1 
1 0 0 1 1 1 0 0 0 1 0 1 0 1 0 0 1 0 1 0 0 1 0 0 1 1 0 1 0 0 1 1 0 1 0 1 0 0 1 0 0 1 0 1 1 1 1 0 1 0 
1 1 1 0 1 1 1 0 1 0 0 0 1 1 0 0 0 0 0 0 0 1 1 0 1 1 0 1 0 1 0 0 0 0 0 0 0 1 0 0 0 0 0 1 1 1 0 1 0 0 
0 1 0 0 0 1 0 1 1 1 0 1 0 1 1 1 0 0 0 0 1 0 0 0 0 1 1 1 1 0 1 1 1 0 1 1 1 1 0 1 0 0 1 1 0 1 0 0 0 0 
1 0 1 0 1 0 0 0 0 0 0 1 1 0 1 1 0 0 0 0 1 0 1 0 1 0 1 0 1 1 0 1 0 1 0 0 0 0 0 0 0 0 1 0 0 0 1 1 0 0 
0 0 0 0 0 0 1 0 0 0 1 0 0 1 0 0 1 0 1 1 0 1 1 0 0 1 0 0 0 0 0 1 1 1 1 0 0 0 0 1 1 1 1 1 1 1 0 1 0 1 
0 1 1 0 0 0 1 1 1 1 1 1 0 0 1 1 1 1 1 0 1 0 1 0 1 1 1 1 0 0 1 1 0 1 0 1 0 0 1 1 0 1 1 1 0 0 1 1 0 1 
0 1 1 0 0 1 1 1 1 1 1 0 1 0 0 1 1 1 1 0 0 0 1 0 1 1 1 0 1 1 0 0 0 1 0 0 1 1 0 1 1 0 1 1 1 1 1 1 1 0 
1 0 0 1 1 1 1 0 0 1 1 1 0 1 1 1 1 1 1 1 0 0 0 1 0 0 0 1 1 1 1 1 1 0 0 0 0 1 1 0 1 0 1 1 1 1 0 0 0 0 
1 0 1 1 0 1 0 0 1 1 0 0 1 0 1 0 0 1 0 1 1 1 1 0 0 1 1 0 1 0 0 1 1 0 0 0 1 0 0 0 0 0 1 0 0 1 1 1 1 1 
0 0 1 1 0 1 1 1 0 0 1 0 0 1 0 1 1 1 0 1 0 1 1 0 1 1 1 1 0 0 1 0 1 1 0 0 0 1 1 1 0 0 1 0 1 0 0 0 0 1 
0 1 0 1 1 0 1 0 1 0 1 0 0 0 0 1 0 1 1 1 1 1 1 0 0 0 1 0 1 1 0 1 1 1 0 1 1 1 1 0 1 0 1 0 1 0 1 0 1 0 
0 1 0 0 1 0 0 0 1 1 1 0 1 0 0 0 0 0 1 1 1 0 1 0 1 1 0 1 0 0 1 0 1 0 0 1 1 1 0 0 0 0 1 0 1 0 0 0 0 1 
0 0 0 1 0 1 0 1 1 0 0 1 1 1 0 0 0 1 0 0 1 0 0 1 0 1 0 1 0 1 1 1 0 0 1 1 0 1 1 0 0 1 1 0 0 1 1 1 1 1 
0 1 1 1 0 0 0 1 1 0 1 1 0 0 0 0 0 0 1 1 0 1 1 0 0 0 1 0 1 1 1 1 0 1 0 0 0 0 0 1 0 0 0 0 1 0 1 1 0 1 
0 1 1 1 1 0 0 0 1 1 0 0 1 1 1 0 0 1 1 0 1 1 0 0 1 0 0 0 0 0 1 0 0 1 1 0 1 1 0 0 1 1 1 0 1 0 0 0 0 0 
0 0 1 0 1 1 1 1 1 1 0 1 1 0 1 0 1 1 1 1 0 0 0 1 0 0 1 1 0 0 0 1 1 1 0 1 0 0 1 1 1 1 1 0 1 1 1 0 0 0 

tiempo=1
1 1 0 0 0 1 0 0 0 0 1 1 1 0 0 0 1 0 0 0 0 1 0 0 1 0 0 0 0 1 1 0 0 0 0 0 0 0 0 0 0 0 0 0 0 0 0 0 0 0 
0 0 0 1 1 0 0 0 0 0 1 1 0 0 0 1 0 0 0 0 0 0 0 0 0 0 1 0 0 0 0 1 1 0 0 0 0 0 0 0 0 0 0 0 0 0 0 0 0 0 
0 0 0 0 0 0 1 0 0 0 1 1 0 0 0 0 1 0 0 0 1 0 1 0 0 0 0 0 1 0 0 0 0 0 0 0 0 0 0 0 0 0 0 0 0 0 0 0 0 0 
0 0 1 0 0 1 0 0 1 0 0 0 0 0 0 0 1 0 0 0 1 0 1 0 0 0 1 0 1 0 0 0 1 0 0 0 0 0 0 0 0 0 1 0 1 0 0 0 0 0 
0 0 1 1 1 1 0 1 0 0 0 0 0 0 0 0 0 0 1 0 1 1 1 1 0 0 0 0 1 0 0 0 0 0 0 0 0 0 0 0 1 0 0 0 0 0 0 0 0 0 
0 0 0 1 0 0 0 1 0 0 0 0 1 1 0 1 0 1 0 0 0 0 1 0 0 0 1 0 0 0 0 1 1 0 1 1 1 1 0 0 0 0 0 0 1 0 0 0 0 0 
0 0 0 0 0 0 0 1 0 0 0 0 1 0 0 0 0 1 1 1 1 1 0 1 0 0 1 0 0 0 0 1 0 0 0 0 0 0 0 0 0 0 0 0 0 0 0 0 0 0 
1 0 0 0 0 1 0 0 0 0 0 1 1 1 0 0 0 0 0 0 0 0 1 0 0 0 1 0 0 0 0 0 0 0 0 1 1 1 0 0 0 0 0 0 0 0 1 0 0 1 
0 0 0 0 0 0 0 1 0 0 0 0 1 1 0 0 0 0 1 0 1 0 1 0 1 1 0 1 1 0 0 0 0 0 1 1 1 0 0 0 0 0 0 1 1 0 1 1 0 1 
1 0 0 0 0 0 1 0 0 0 0 1 1 1 1 1 0 0 0 0 0 0 1 0 0 0 0 0 0 0 1 0 0 0 0 0 0 1 0 0 1 0 1 0 0 1 1 0 0 0 
0 1 0 0 0 0 0 0 0 0 0 1 0 1 0 0 0 0 0 0 0 0 0 0 1 0 0 1 1 1 0 1 0 0 0 1 0 1 1 0 1 0 0 1 1 0 0 0 1 0 
0 0 0 0 0 0 0 0 0 0 0 1 0 1 1 1 1 0 0 0 0 0 0 0 0 0 0 0 0 0 0 1 0 1 0 0 0 0 0 0 0 1 0 1 0 0 0 0 1 0 
0 1 0 0 0 0 0 0 0 0 0 0 0 0 0 0 1 1 1 0 0 0 0 0 0 1 1 1 0 0 0 0 0 0 1 1 0 0 0 1 0 0 0 0 0 0 0 0 0 1 
1 1 0 0 0 0 0 0 0 0 0 0 0 0 1 0 1 0 0 0 0 0 0 0 0 0 0 0 0 0 0 0 1 0 0 1 0 0 1 0 1 0 0 0 0 0 1 0 0 0 
1 0 1 1 0 0 0 0 0 0 0 0 0 1 0 1 1 0 0 0 1 0 1 1 0 1 1 1 0 0 0 0 0 0 1 1 1 0 0 1 1 1 0 0 0 0 0 0 0 0 
0 0 0 0 0 0 0 0 1 1 1 1 0 1 1 0 0 0 1 0 1 0 0 0 0 1 0 0 0 0 0 0 0 0 0 0 0 0 0 0 1 1 0 0 0 0 1 1 0 1 
0 0 0 0 0 0 0 0 0 0 1 1 0 1 1 0 0 0 0 0 1 0 1 1 0 0 0 0 0 0 0 1 0 0 0 0 0 0 0 0 0 0 0 0 0 0 1 0 1 1 
0 0 0 0 0 0 0 0 0 1 0 1 1 0 0 0 0 0 1 0 0 0 0 0 0 0 1 0 1 0 0 1 0 0 0 0 0 0 0 0 0 0 0 0 0 1 0 0 0 0 
0 0 0 0 1 0 0 0 0 0 1 0 0 0 0 0 0 0 1 0 0 0 0 0 0 0 0 0 0 0 1 0 1 1 0 0 0 1 0 0 0 0 0 0 0 1 0 1 0 0 
0 0 0 0 0 0 0 0 0 0 1 1 0 0 0 0 0 0 0 0 0 0 0 0 0 1 0 0 0 0 1 1 0 0 1 1 1 1 0 0 0 0 0 0 0 0 0 1 0 0 
0 0 0 1 0 1 0 0 0 0 0 0 0 0 0 1 0 0 0 0 1 0 0 0 0 0 0 0 0 0 0 0 0 0 0 0 0 1 1 0 0 0 0 1 1 0 0 1 0 1 
0 0 0 1 0 0 0 1 0 0 1 0 1 1 0 0 0 0 0 0 0 1 0 0 0 0 0 0 0 0 1 0 0 0 0 0 0 1 0 1 1 0 1 1 0 1 0 1 0 0 
0 0 0 0 0 0 1 1 0 1 1 0 0 0 1 1 0 0 0 0 0 0 0 0 0 0 0 0 0 0 1 0 0 0 0 1 0 1 0 0 1 1 0 0 0 0 0 0 0 0 
0 0 0 0 1 1 0 0 0 1 0 0 0 0 0 1 0 0 0 0 0 1 0 1 0 0 0 0 0 0 0 0 0 0 0 1 0 0 0 0 0 0 0 0 0 0 1 1 0 0 
0 0 0 0 0 1 0 0 0 1 0 0 0 0 0 0 1 0 0 0 0 1 0 1 0 0 0 0 0 0 0 0 0 0 0 0 0 0 0 1 0 0 0 0 1 1 0 1 1 0 
0 0 0 0 0 0 0 0 0 0 1 0 1 1 1 0 0 0 0 0 0 1 1 1 0 0 0 0 0 1 0 0 0 0 0 1 0 1 0 0 0 0 0 0 0 1 0 1 0 0 
0 0 0 0 0 0 0 0 0 0 1 0 1 1 0 1 1 0 0 0 1 0 1 0 0 0 0 0 0 1 0 0 0 0 0 0 1 0 0 0 0 0 0 1 0 1 0 0 0 0 
0 1 1 0 0 0 1 0 0 1 1 0 0 0 1 0 1 0 0 0 1 0 1 0 1 0 0 0 1 0 0 0 0 0 1 1 0 0 1 1 0 1 1 1 1 1 0 0 0 0 
1 1 0 0 0 0 0 0 0 1 0 1 1 0 0 0 0 0 0 0 0 0 1 0 0 0 1 1 1 0 0 0 0 0 0 0 0 0 0 1 0 0 0 0 0 0 1 0 0 0 
1 0 0 1 1 0 0 1 1 1 0 0 0 1 0 0 0 0 0 0 0 0 0 0 1 1 0 0 1 0 0 0 0 0 0 1 1 0 0 1 0 0 1 0 0 0 0 0 0 0 
1 0 0 0 0 0 0 0 1 0 0 0 0 0 0 1 0 0 0 0 0 0 1 0 0 0 0 0 1 0 1 0 0 0 0 0 1 0 0 1 0 1 0 0 0 0 1 0 0 0 
1 1 1 1 0 0 0 1 0 0 0 0 0 0 0 0 0 0 1 0 1 0 0 0 0 0 1 1 0 0 0 1 0 0 0 0 1 1 0 1 0 1 0 0 0 0 1 0 0 1 
0 0 0 0 0 0 0 0 1 1 0 1 0 0 0 1 0 0 0 0 1 0 0 0 0 0 1 1 0 0 0 0 1 0 0 1 0 0 0 0 0 0 0 0 0 0 0 1 1 0 
0 0 0 0 0 0 0 1 0 0 0 0 0 0 0 1 0 0 1 0 1 0 0 0 0 0 0 1 0 0 0 0 0 1 0 1 0 0 0 0 1 1 0 0 0 0 0 0 1 0 
0 0 0 0 0 0 0 0 1 1 1 1 0 1 0 0 1 0 1 1 1 0 0 0 0 0 0 1 0 1 0 1 0 1 0 0 0 0 1 1 1 1 0 0 0 0 0 0 0 0 
1 0 1 0 0 0 0 0 0 0 0 1 0 0 0 1 0 0 0 0 1 1 1 1 0 0 0 0 0 1 0 0 0 1 0 0 0 1 0 0 0 0 0 0 0 0 0 1 0 1 
0 0 0 0 0 0 0 1 1 1 1 1 0 0 0 1 0 0 0 0 1 0 1 0 0 0 0 0 0 0 0 1 1 1 1 1 1 1 1 0 0 0 1 0 0 1 0 1 0 0 
1 1 0 0 0 1 1 1 1 1 0 1 0 0 0 0 1 0 0 0 1 0 1 1 1 0 0 0 1 1 0 0 0 0 0 0 1 0 1 1 0 0 0 0 0 0 0 1 1 0 
0 0 1 1 0 1 1 0 1 0 0 0 0 1 0 0 0 0 1 0 0 0 1 0 0 0 0 0 1 1 0 0 0 0 0 0 0 0 1 1 0 0 0 0 1 1 0 0 0 1 
0 1 1 0 0 0 0 0 0 0 0 0 1 1 1 0 0 0 0 0 1 0 1 0 0 0 0 1 1 1 1 1 0 0 0 1 1 1 0 0 0 0 0 0 0 0 0 0 0 1 
0 0 0 0 0 0 0 0 0 0 0 0 1 0 0 0 0 0 0 0 0 1 1 0 0 0 0 0 0 0 0 0 0 1 1 0 1 0 0 0 0 0 0 0 0 0 0 0 1 1 
1 0 0 0 0 0 0 0 0 0 0 0 0 0 0 0 0 0 0 0 0 0 0 1 0 0 0 0 0 0 0 0 0 1 0 0 0 0 1 0 1 0 0 0 0 0 0 0 0 0 
1 0 0 0 0 0 0 0 1 0 0 0 1 0 0 0 0 0 0 0 0 0 0 0 0 0 0 0 0 0 0 0 0 0 0 0 1 0 0 0 0 0 1 0 0 0 1 1 1 0 
0 0 0 0 0 0 0 0 0 0 1 1 0 1 0 1 0 0 0 0 0 0 0 0 1 0 0 0 0 0 1 0 0 0 1 1 0 0 0 1 0 0 1 0 1 0 0 0 0 0 
0 1 0 0 0 0 1 0 1 0 1 0 0 0 1 1 0 0 0 0 0 0 0 0 0 0 0 0 1 1 0 0 0 0 0 1 0 0 0 0 0 0 1 0 1 0 0 0 1 1 
0 0 0 0 0 0 1 0 0 0 1 0 1 1 0 0 1 0 0 0 0 0 1 0 1 1 0 1 0 0 0 0 0 0 0 0 0 0 0 1 0 0 1 0 1 0 0 0 0 1 
0 1 0 1 0 0 1 0 0 0 0 0 0 1 0 0 0 1 0 0 0 0 0 1 0 1 0 1 0 0 0 0 0 1 1 1 0 1 1 0 0 1 1 0 1 0 0 0 0 1 
0 1 0 0 0 0 1 0 0 0 1 0 0 0 1 0 0 0 0 0 0 0 1 1 1 1 1 1 1 0 0 0 0 1 0 0 0 0 0 1 0 0 0 0 1 0 0 0 0 1 
1 0 0 0 0 0 0 0 0 0 0 0 0 0 1 1 1 0 0 0 0 1 0 1 0 1 1 0 1 0 0 0 0 0 0 1 1 1 0 0 0 0 1 0 1 0 0 1 0 0 
0 1 0 0 0 0 0 0 0 0 0 1 0 0 1 0 1 0 0 0 0 0 0 0 0 0 1 1 1 1 0 1 0 0 0 0 0 0 0 0 0 0 0 0 0 0 1 0 0 0 

tiempo=2
1 1 1 0 1 0 0 0 0 0 0 0 1 0 0 0 1 0 0 0 0 0 0 0 0 1 1 0 0 1 0 0 1 0 0 0 0 0 0 0 0 0 0 0 0 0 0 0 0 0 
0 0 0 0 1 1 0 0 0 1 0 0 0 0 0 1 1 0 0 0 0 1 0 0 0 0 0 0 0 1 1 1 0 0 0 0 0 0 0 0 0 0 0 0 0 0 0 0 0 0 
0 0 0 1 1 1 0 0 0 1 1 1 0 0 0 1 1 0 0 0 0 0 0 0 0 0 0 0 0 0 0 1 1 0 0 0 0 0 0 0 0 0 0 0 0 0 0 0 0 0 
0 0 1 0 0 1 0 1 0 0 0 0 0 0 0 0 0 1 0 0 1 0 0 0 0 0 0 0 1 1 0 0 0 0 0 0 0 0 0 0 0 0 0 0 0 0 0 0 0 0 
0 0 1 0 0 1 0 1 1 0 0 0 0 0 0 0 1 1 0 1 1 0 0 1 0 0 0 0 0 0 0 1 1 1 0 1 1 0 0 0 0 0 0 1 0 0 0 0 0 0 
0 0 1 1 0 0 0 1 1 0 0 0 1 1 0 0 1 1 0 0 0 0 0 0 0 0 0 1 0 0 0 1 1 0 0 1 1 0 0 0 0 0 0 0 0 0 0 0 0 0 
0 0 0 0 0 0 1 0 0 0 0 0 0 0 1 0 1 1 1 1 1 1 0 1 0 1 1 1 0 0 0 1 1 0 1 0 0 0 0 0 0 0 0 0 0 0 0 0 0 0 
1 0 0 0 0 0 1 0 0 0 0 1 0 0 0 0 0 1 0 0 0 0 1 0 1 0 1 0 0 0 0 0 0 0 1 0 0 1 0 0 0 0 0 0 0 1 1 1 1 1 
0 0 0 0 0 0 1 0 0 0 0 0 0 0 0 0 0 0 0 0 0 0 1 0 0 1 1 1 0 0 0 0 0 0 1 0 0 0 0 0 0 0 0 1 1 0 0 1 1 1 
1 0 0 0 0 0 0 0 0 0 0 1 0 0 0 0 0 0 0 0 0 1 0 0 1 1 1 0 0 0 1 0 0 0 1 0 0 1 1 1 0 1 1 0 0 0 1 0 1 1 
0 0 0 0 0 0 0 0 0 0 1 1 0 0 0 0 1 0 0 0 0 0 0 0 0 0 0 0 1 1 0 1 1 0 0 0 1 1 1 1 1 0 0 1 1 1 0 1 0 1 
1 0 0 0 0 0 0 0 0 0 0 0 0 1 1 1 1 0 0 0 0 0 0 0 0 1 0 0 0 0 1 0 1 0 0 1 1 0 1 1 1 0 1 1 1 0 0 0 1 1 
0 1 0 0 0 0 0 0 0 0 0 0 0 1 0 0 0 0 0 0 0 0 0 0 0 0 1 0 0 0 0 0 1 1 1 1 0 0 0 1 1 0 0 0 0 0 0 0 0 1 
0 0 0 0 0 0 0 0 0 0 0 0 0 0 1 0 0 0 0 0 0 0 0 0 1 0 0 0 0 0 0 0 0 1 0 0 0 0 1 0 0 1 0 0 0 0 0 0 0 1 
1 0 1 0 0 0 0 0 0 1 1 0 1 1 0 0 1 1 0 1 0 1 0 0 1 1 1 0 0 0 0 0 0 0 1 1 1 0 0 0 0 0 0 0 0 0 1 1 0 1 
1 0 0 0 0 0 0 0 0 1 0 1 0 0 0 0 0 0 0 0 1 0 0 0 0 1 0 0 0 0 0 0 0 0 0 1 0 0 0 1 0 1 0 0 0 0 1 1 0 1 
0 0 0 0 0 0 0 0 1 0 0 0 0 0 1 0 0 0 0 0 0 1 0 0 0 0 0 0 0 0 0 0 0 0 0 0 0 0 0 0 0 0 0 0 0 1 1 0 1 1 
0 0 0 0 0 0 0 0 0 1 0 0 1 1 0 0 0 0 0 1 0 0 0 0 0 0 0 0 0 0 1 1 0 0 0 0 0 0 0 0 0 0 0 0 0 1 0 1 1 0 
0 0 0 0 0 0 0 0 0 1 0 0 1 0 0 0 0 0 0 0 0 0 0 0 0 0 0 0 0 1 1 0 1 1 1 1 0 1 0 0 0 0 0 0 0 0 0 0 0 0 
0 0 0 0 1 0 0 0 0 0 1 1 0 0 0 0 0 0 0 0 0 0 0 0 0 0 0 0 0 0 1 1 1 1 1 1 0 0 0 0 0 0 0 0 1 0 0 1 0 0 
0 0 0 0 1 0 0 0 0 0 1 0 1 0 0 0 0 0 0 0 0 0 0 0 0 0 0 0 0 0 1 1 0 0 0 1 0 0 0 1 0 0 1 1 1 0 0 1 0 0 
0 0 0 0 1 0 0 1 1 1 1 1 0 1 0 1 0 0 0 0 0 0 0 0 0 0 0 0 0 0 0 0 0 0 0 0 0 1 0 1 1 0 1 1 0 0 1 0 1 0 
0 0 0 0 1 1 1 1 0 1 1 1 0 1 1 1 0 0 0 0 0 0 1 0 0 0 0 0 0 0 0 0 0 0 0 0 0 0 1 1 1 1 1 0 0 0 0 1 0 0 
0 0 0 0 1 1 0 0 0 1 0 0 0 0 1 1 1 0 0 0 0 0 0 0 0 0 0 0 0 0 0 0 0 0 0 0 1 0 0 0 1 0 0 0 0 1 1 1 1 0 
0 0 0 0 1 1 0 0 0 1 1 0 0 1 1 1 0 0 0 0 1 1 0 1 1 0 0 0 0 0 0 0 0 0 0 0 1 0 0 0 0 0 0 0 1 1 0 0 1 0 
0 0 0 0 0 0 0 0 0 1 1 0 1 0 1 0 1 0 0 0 1 0 0 1 0 0 0 0 0 0 0 0 0 0 0 0 1 0 0 0 0 0 0 0 0 1 0 1 1 0 
0 0 0 0 0 0 0 0 0 0 1 0 1 0 0 0 1 0 0 0 1 0 0 0 0 0 0 0 1 1 0 0 0 0 1 0 1 1 1 0 0 0 0 1 0 1 0 0 0 0 
1 1 1 0 0 0 0 0 0 1 0 0 0 0 1 0 1 0 0 0 0 0 1 0 0 0 0 0 1 1 0 0 0 0 0 1 0 0 1 1 1 0 1 1 0 1 1 0 0 0 
1 0 0 1 0 0 0 1 0 0 0 1 1 1 0 0 0 0 0 0 0 1 0 0 1 0 1 0 1 1 0 0 0 0 1 0 1 0 0 1 0 1 0 0 1 1 0 0 0 0 
1 0 0 0 0 0 0 1 0 1 1 0 1 0 0 0 0 0 0 0 0 0 0 1 0 1 1 0 1 0 0 0 0 0 0 1 1 0 1 1 0 0 0 0 0 0 0 0 0 1 
0 0 0 0 1 0 0 0 0 1 0 0 0 0 0 0 0 0 0 0 0 0 0 0 0 1 1 0 1 1 0 0 0 0 0 0 0 0 0 1 0 1 1 0 0 0 0 0 0 0 
1 1 1 0 0 0 0 1 0 1 0 0 0 0 0 0 0 0 0 1 0 1 0 0 0 0 1 0 1 0 0 1 0 0 0 1 1 1 1 0 0 0 0 0 0 0 1 0 1 1 
1 1 1 0 0 0 0 1 1 0 0 0 0 0 0 0 0 0 0 0 1 1 0 0 0 0 0 0 1 0 0 0 1 0 1 1 0 0 0 0 0 1 0 0 0 0 0 1 1 0 
0 0 0 0 0 0 0 1 0 0 0 1 1 0 1 1 1 1 1 0 1 1 0 0 0 0 0 1 0 0 0 0 0 1 0 0 0 0 0 0 0 1 0 0 0 0 0 1 1 0 
0 0 0 0 0 0 0 0 1 1 1 1 1 0 1 1 1 1 1 0 0 0 1 0 0 0 0 0 0 0 1 0 0 1 0 0 0 0 1 1 0 1 0 0 0 0 0 0 1 1 
0 0 0 0 0 0 0 1 0 0 0 0 0 0 1 1 1 0 0 0 0 0 1 1 0 0 0 0 1 0 0 1 0 0 0 1 0 0 0 0 1 1 0 0 0 0 1 0 1 0 
0 0 0 0 0 0 0 0 0 0 0 1 1 0 0 1 1 0 0 1 1 0 0 0 1 0 0 0 1 1 1 0 1 1 1 1 0 0 0 1 0 0 0 0 0 0 0 1 0 0 
1 1 1 0 1 1 0 0 0 0 0 1 1 0 0 0 0 0 0 1 0 0 1 0 0 0 0 0 1 1 1 0 1 1 1 0 1 0 0 0 0 0 0 0 1 1 0 1 1 1 
0 0 0 1 1 1 0 0 1 1 0 0 0 1 1 0 0 0 0 1 0 0 1 0 0 0 0 0 0 0 0 0 0 0 0 1 0 0 0 1 0 0 0 0 0 0 0 0 0 1 
0 1 1 1 0 0 0 0 0 0 0 0 1 0 1 0 0 0 0 0 0 0 1 1 0 0 0 1 0 0 1 0 0 0 1 1 1 1 1 0 0 0 0 0 0 0 0 0 0 1 
0 1 0 0 0 0 0 0 0 0 0 0 1 0 0 0 0 0 0 0 0 1 1 1 0 0 0 0 1 1 1 0 1 1 1 0 1 0 0 0 0 0 0 0 0 0 0 0 1 1 
1 0 0 0 0 0 0 0 0 0 0 0 0 0 0 0 0 0 0 0 0 0 1 0 0 0 0 0 0 0 0 0 0 1 1 1 0 1 0 0 0 0 0 0 0 0 0 0 0 0 
0 0 0 0 0 0 0 0 0 0 0 1 1 0 0 0 0 0 0 0 0 0 0 0 0 0 0 0 0 0 0 0 0 0 1 1 0 0 0 1 0 1 0 1 0 0 0 1 0 1 
1 0 0 0 0 0 0 1 0 0 1 1 1 1 0 1 0 0 0 0 0 0 0 0 0 0 0 0 0 1 0 0 0 0 1 1 1 0 0 0 0 1 1 0 0 1 0 0 0 0 
1 0 0 0 0 0 0 1 0 0 1 0 0 0 0 1 1 0 0 0 0 0 0 1 1 1 0 0 1 1 0 0 0 0 1 1 0 0 0 0 0 1 1 0 1 1 0 0 1 1 
0 0 1 0 0 1 1 0 0 1 0 1 1 1 0 1 1 0 0 0 0 0 0 1 1 1 0 1 0 0 0 0 0 0 0 1 1 0 1 0 0 0 1 0 1 1 0 0 0 1 
0 0 1 0 0 1 1 1 0 0 0 1 1 1 1 0 0 0 0 0 0 0 0 0 0 0 0 0 0 0 0 0 0 1 1 0 0 0 1 1 1 1 1 0 1 1 0 0 1 1 
0 1 1 0 0 0 0 0 0 0 0 0 0 1 1 0 1 0 0 0 0 0 0 0 0 0 0 0 1 0 0 0 0 1 0 0 0 0 0 0 0 1 1 0 1 1 0 0 1 1 
1 1 0 0 0 0 0 0 0 0 0 0 0 1 1 0 1 0 0 0 0 0 0 1 0 0 0 0 0 0 0 0 0 0 0 0 1 0 0 0 0 0 0 1 0 1 0 0 0 0 
0 1 0 0 0 0 0 0 0 0 1 1 1 1 1 0 1 1 0 0 0 0 1 0 1 0 1 0 0 0 0 0 0 0 0 0 1 0 0 0 0 0 0 0 0 0 0 0 0 0 

